-1508243.9768555996
-1507072.5742051033
-1505901.3544044094
-1504730.3177116802
-1503559.4643850175
-1502388.794682465
-1501218.3088620063
-1500048.007181566
-1498877.8898990091
-1497707.957272142
-1496538.2095587107
-1495368.6470164026
-1494199.2699028456
-1493030.0784756083
-1491861.0729921998
-1490692.2537100702
-1489523.62088661
-1488355.1747791502
-1487186.9156449633
-1486018.8437412614
-1484850.959325198
-1483683.262653867
-1482515.7539843032
-1481348.4335734816
-1480181.3016783185
-1479014.3585556704
-1477847.6044623344
-1476681.0396550489
-1475514.6643904923
-1474348.478925284
-1473182.4835159841
-1472016.6784190934
-1470851.063891053
-1469685.640188245
-1468520.4075669923
-1467355.366283558
-1466190.5165941466
-1465025.8587549026
-1463861.3930219114
-1462697.1196511989
-1461533.0388987323
-1460369.1510204186
-1459205.4562721064
-1458041.954909584
-1456878.647188581
-1455715.533364768
-1454552.6136937551
-1453389.8884310944
-1452227.3578322774
-1451065.0221527377
-1449902.8816478483
-1448740.9365729233
-1447579.187183218
-1446417.6337339277
-1445256.2764801888
-1444095.1156770778
-1442934.1515796126
-1441773.3844427513
-1440612.8145213928
-1439452.4420703766
-1438292.2673444832
-1437132.2905984335
-1435972.5120868888
-1434812.9320644517
-1433653.5507856652
-1432494.3685050127
-1431335.3854769184
-1430176.6019557477
-1429018.018195806
-1427859.63445134
-1426701.450976536
-1425543.4680255223
-1424385.685852367
-1423228.104711079
-1422070.7248556085
-1420913.5465398454
-1419756.570017621
-1418599.795542707
-1417443.2233688158
-1416286.8537496005
-1415130.6869386549
-1413974.7231895132
-1412818.962755651
-1411663.4058904834
-1410508.0528473677
-1409352.9038796003
-1408197.9592404196
-1407043.2191830035
-1405888.6839604715
-1404734.3538258837
-1403580.22903224
-1402426.3098324821
-1401272.5964794918
-1400119.0892260915
-1398965.7883250443
-1397812.6940290546
-1396659.8065907664
-1395507.1262627654
-1394354.653297577
-1393202.3879476683
-1392050.3304654465
-1390898.4811032591
-1389746.8401133954
-1388595.4077480843
-1387444.1842594957
-1386293.1698997407
-1385142.3649208702
-1383991.7695748762
-1382841.3841136917
-1381691.2087891898
-1380541.2438531849
-1379391.489557431
-1378241.9461536242
-1377092.6138934004
-1375943.493028336
-1374794.5838099488
-1373645.8864896968
-1372497.4013189785
-1371349.1285491337
-1370201.0684314424
-1369053.2212171252
-1367905.587157344
-1366758.1665032005
-1365610.9595057378
-1364463.9664159394
-1363317.1874847293
-1362170.6229629726
-1361024.2731014746
-1359878.1381509816
-1358732.2183621805
-1357586.5139856988
-1356441.025272105
-1355295.7524719075
-1354150.6958355564
-1353005.8556134417
-1351861.2320558946
-1350716.825413186
-1349572.6359355294
-1348428.6638730767
-1347284.9094759221
-1346141.3729940997
-1344998.0546775847
-1343854.9547762927
-1342712.0735400799
-1341569.4112187433
-1340426.968062021
-1339284.7443195912
-1338142.7402410728
-1337000.956076026
-1335859.3920739505
-1334718.048484288
-1333576.9255564199
-1332436.0235396689
-1331295.342683298
-1330154.8832365111
-1329014.6454484528
-1327874.629568208
-1326734.8358448027
-1325595.264527203
-1324455.9158643167
-1323316.7901049913
-1322177.8874980155
-1321039.2082921183
-1319900.75273597
-1318762.521078181
-1317624.5135673024
-1316486.730451826
-1315349.171980185
-1314211.838400752
-1313074.7299618414
-1311937.8469117077
-1310801.1894985463
-1309664.7579704933
-1308528.552575625
-1307392.573561959
-1306256.8211774533
-1305121.2956700064
-1303985.9972874583
-1302850.9262775884
-1301716.0828881178
-1300581.4673667075
-1299447.0799609602
-1298312.9209184183
-1297178.9904865653
-1296045.2889128253
-1294911.8164445632
-1293778.5733290846
-1292645.5598136352
-1291512.7761454023
-1290380.2225715131
-1289247.899339036
-1288115.8066949798
-1286983.9448862942
-1285852.3141598692
-1284720.9147625358
-1283589.7469410654
-1282458.8109421707
-1281328.1070125042
-1280197.6353986599
-1279067.3963471719
-1277937.390104515
-1276807.616917105
-1275678.0770312983
-1274548.770693392
-1273419.6981496236
-1272290.8596461713
-1271162.2554291545
-1270033.885744633
-1268905.7508386066
-1267777.850957017
-1266650.1863457456
-1265522.757250615
-1264395.5639173882
-1263268.606591769
-1262141.885519402
-1261015.4009458725
-1259889.1531167058
-1258763.1422773688
-1257637.3686732685
-1256511.8325497531
-1255386.5341521106
-1254261.4737255708
-1253136.651515303
-1252012.0677664182
-1250887.7227239676
-1249763.616632943
-1248639.7497382772
-1247516.1222848434
-1246392.7345174553
-1245269.5866808682
-1244146.6790197766
-1243024.0117788173
-1241901.5852025663
-1240779.3995355414
-1239657.4550222007
-1238535.7519069426
-1237414.2904341067
-1236293.070847973
-1235172.0933927624
-1234051.358312636
-1232930.865851696
-1231810.6162539858
-1230690.6097634882
-1229570.8466241276
-1228451.3270797688
-1227332.0513742173
-1226213.0197512193
-1225094.2324544617
-1223975.689727572
-1222857.3918141185
-1221739.33895761
-1220621.5314014961
-1219503.9693891674
-1218386.6531639541
-1217269.5829691289
-1216152.7590479031
-1215036.1816434301
-1213919.8509988035
-1212803.7673570577
-1211687.930961168
-1210572.3420540495
-1209457.000878559
-1208341.9076774933
-1207227.0626935905
-1206112.4661695287
-1204998.1183479272
-1203884.0194713457
-1202770.1697822846
-1201656.569523185
-1200543.218936429
-1199430.118264339
-1198317.2677491778
-1197204.6676331495
-1196092.3181583988
-1194980.219567011
-1193868.3721010117
-1192756.7760023673
-1191645.4315129854
-1190534.338874714
-1189423.4983293416
-1188312.9101185976
-1187202.5744841516
-1186092.4916676146
-1184982.6619105379
-1183873.0854544132
-1182763.7625406736
-1181654.6934106925
-1180545.8783057835
-1179437.317467202
-1178329.0111361425
-1177220.959553742
-1176113.162961077
-1175005.6215991648
-1173898.3357089635
-1172791.3055313719
-1171684.5313072298
-1170578.0132773172
-1169471.7516823548
-1168365.7467630045
-1167259.998759868
-1166154.507913489
-1165049.2744643502
-1163944.2986528766
-1162839.5807194326
-1161735.1209043239
-1160630.919447797
-1159526.9765900387
-1158423.292571177
-1157319.8676312799
-1156216.7020103564
-1155113.7959483564
-1154011.1496851705
-1152908.7634606292
-1151806.6375145046
-1150704.7720865088
-1149603.1674162955
-1148501.823743458
-1147400.741307531
-1146299.9203479893
-1145199.3611042493
-1144099.0638156673
-1142999.02872154
-1141899.256061106
-1140799.7460735436
-1139700.4989979716
-1138601.5150734505
-1137502.7945389806
-1136404.3376335034
-1135306.1445959006
-1134208.215664995
-1133110.5510795498
-1132013.1510782691
-1130915.9957402684
-1129819.0602976573
-1128722.3898272288
-1127625.984567997
-1126529.7459696522
-1125433.7049120185
-1124337.928982026
-1123242.418420045
-1122147.1734663856
-1121052.194361297
-1119957.481344968
-1118863.034657527
-1117768.5769243636
-1116674.3823703197
-1115580.4535501052
-1114486.7907061707
-1113393.3940809036
-1112300.2639166303
-1111207.4004556143
-1110114.803940057
-1109022.474612098
-1107930.4127138148
-1106838.6184872226
-1105747.0844794502
-1104655.4426794213
-1103564.0675318812
-1102472.9592818806
-1101382.1181744053
-1100291.5444543776
-1099201.2383666558
-1098111.200156034
-1097021.4300672421
-1095931.928344947
-1094842.695233751
-1093753.7309781928
-1092665.0358227463
-1091576.6100118225
-1090488.4537897683
-1089400.567400866
-1088312.9510893344
-1087225.4972394276
-1086137.9453311684
-1085050.662165536
-1083963.6479902086
-1082876.903052797
-1081790.4276008473
-1080704.2218818385
-1079618.2861431846
-1078532.6206322333
-1077447.2255962663
-1076362.1012824995
-1075277.2479380828
-1074192.6658101
-1073108.3551455694
-1072024.3161914432
-1070940.5491946074
-1069857.0544018825
-1068773.8320600223
-1067690.5495180935
-1066607.6148138733
-1065524.9522362847
-1064442.5620336493
-1063360.4444542213
-1062278.5997461884
-1061197.0281576712
-1060115.7299367236
-1059034.7053313325
-1057953.9557427568
-1056873.176649005
-1055792.6706896825
-1054712.4381145583
-1053632.4791733334
-1052552.7941156407
-1051473.3831910451
-1050394.246649044
-1049315.3847390667
-1048236.7977104746
-1047158.4858125614
-1046080.4492945523
-1045002.6884056054
-1043925.2033948106
-1042847.9945111898
-1041771.0620036968
-1040694.5072843885
-1039618.0662734252
-1038541.9021423804
-1037466.0151403239
-1036390.4055162582
-1035314.5721455526
-1034239.2889998734
-1033164.6788262867
-1032089.8015445777
-1031015.2014378026
-1029940.8787568574
-1028866.8337525685
-1027793.066675693
-1026719.5777769196
-1025646.3673068673
-1024573.4355160858
-1023500.7826550561
-1022428.4089741895
-1021356.1915190165
-1020284.18528434
-1019212.4582666489
-1018141.0107171818
-1017069.8428871064
-1015998.9550275214
-1014928.3473894555
-1013858.020223868
-1012787.9737816482
-1011718.2083136162
-1010648.724070522
-1009579.5213030459
-1008510.6002617992
-1007441.9611973226
-1006373.6043600879
-1005305.5300004965
-1004238.0660584455
-1003170.3679362184
-1002102.9523569619
-1001035.8195718123
-999968.9698318355
-998902.4033880276
-997836.1204913139
-996770.1213925502
-995704.4063425224
-994638.9755919455
-993573.8293914648
-992508.9679916557
-991444.391643023
-990379.7160301065
-989315.5588027441
-988251.6868505728
-987188.100424585
-986124.7997757029
-985061.685709
-983999.0024560619
-982936.3334097688
-981873.950359268
-980811.8535562489
-979750.0432523305
-978688.5196990601
-977627.2831479149
-976566.3338503006
-975505.2096777648
-974444.7138215865
-973384.5055632167
-972324.5851543586
-971264.952846644
-970205.6088916329
-969146.5535408149
-968087.7870456083
-967029.3096573598
-965971.1216273457
-964913.2232067704
-963855.6146467675
-962798.2961983993
-961741.268112657
-960684.5306404606
-959628.0840326588
-958572.9936392987
-957517.33386677
-956461.521016354
-955405.9992339052
-954350.7687709809
-953295.8298790676
-952241.1828095795
-951186.82781386
-950132.7651431801
-949078.9950487397
-948025.5177816668
-946972.3335930184
-945919.442733779
-944866.8454548623
-943814.54200711
-942762.5326412923
-941710.8176081078
-940659.3971581836
-939608.2715420752
-938557.4410102663
-937506.9058131691
-936456.6662011244
-935406.4587829675
-934356.624517104
-933307.0229585998
-932257.7172038349
-931208.7075038102
-930159.9941094557
-929111.8699289907
-928063.6555159366
-927015.7378651735
-925968.1172277195
-924920.7938545209
-923873.7679964514
-922827.0399043126
-921780.6098288342
-920734.4780206736
-919688.6447304165
-918643.1102085756
-917597.8747055922
-916552.9384718353
-915507.0902588814
-914462.6087970331
-913418.426925459
-912374.54489479
-911330.9629555844
-910287.6813583283
-909244.7003534352
-908202.0201912466
-907159.6411220315
-906117.5633959866
-905075.7872632364
-904034.3129738325
-902993.1407777548
-901952.2709249107
-900911.7036651352
-899871.4392481906
-898833.2381358935
-897793.4237092866
-896753.9338144355
-895714.7473524675
-894675.8776872157
-893637.366590399
-892599.1598382816
-891561.2576801361
-890523.6603651632
-889486.3681424912
-888449.3858354924
-887412.8184415695
-886376.5571570322
-885340.602230051
-884304.9539087248
-883269.6124410807
-882234.5780750739
-881199.8510585881
-880165.4316394351
-879131.3200653548
-878097.6143034948
-877064.2754617891
-876031.1328528515
-874998.1324842153
-873965.4407686528
-872933.0579535158
-871900.9842860824
-870869.2200135612
-869837.7653830876
-868806.6206417265
-867775.7860364714
-866745.2618142436
-865715.0482218933
-864685.3317569878
-863655.934271639
-862626.8485973297
-861598.0749795719
-860569.6136638065
-859541.4648954035
-858513.6289196622
-857486.1059818111
-856458.8963270073
-855432.0002003382
-854405.4178468189
-853379.1495113951
-852353.1954389405
-851327.527853724
-850302.2635031352
-849277.2860794901
-848252.4944380628
-847228.0179679747
-846203.9619079275
-845180.2035530859
-844156.7612773007
-843133.6353243601
-842110.8259379813
-841088.3333618112
-840066.1578394265
-839044.299614334
-838022.7589299694
-837001.5360296983
-835980.6311568163
-834960.044554548
-833939.776466048
-832916.9923671245
-831897.2326565023
-830877.7918916163
-829858.670315835
-828839.9473935122
-827821.8524344773
-826804.0782268136
-825786.6250117379
-824769.4930303978
-823752.6825238708
-822736.1937331656
-821720.0268992211
-820704.1822629068
-819688.6600650222
-818675.5295162618
-817660.4581679804
-816645.709499823
-815631.2837529818
-814617.1811685797
-813603.4019876698
-812589.9464512345
-811576.8148001877
-810564.0072753726
-809551.524117563
-808539.3655674631
-807527.5318657064
-806516.3522602431
-805505.2165931335
-804494.3543757689
-803483.7388469367
-802473.6737675953
-801463.9352043058
-800454.5233963279
-799445.4385828516
-798436.6810029981
-797428.2508958194
-796420.1485002981
-795412.3740553481
-794404.9277998134
-793397.8099724693
-792391.020812022
-791384.5218028564
-790378.3074628847
-789372.4222998184
-788366.866552297
-787361.6404588905
-786356.7442580998
-785352.1781883563
-784347.9313140467
-783343.9963336436
-782340.3921260688
-781337.1040305763
-780334.1321866938
-779331.4917573447
-778329.2334114077
-777327.5535268856
-776326.2063614853
-775325.1921518674
-774324.4955135689
-773324.0647570108
-772323.9674653442
-771324.203875155
-770324.7742229593
-769325.6787452053
-768326.9176782717
-767328.4912584693
-766330.3997220398
-765332.6433051564
-764335.2222439233
-763338.1367743767
-762341.3871324834
-761344.9735541419
-760348.8962751816
-759353.1555313638
-758357.6140720069
-757362.4069771781
-756367.5367949515
-755373.0037611342
-754378.8081114645
-753384.9500816118
-752391.4299071766
-751396.2964344698
-750403.2685558575
-749410.5788394894
-748418.2275211847
-747426.2148366936
-746434.5410216973
-745443.2063118081
-744452.2109425695
-743461.5551494556
-742471.3108389498
-741481.848614049
-740492.7276406107
-739503.9481519235
-738515.5103812094
-737527.4145616223
-736539.6609262476
-735552.2497081028
-734565.1811401383
-733583.1258031059
-732596.5351160909
-731610.2873481459
-730624.3827326192
-729638.8215027897
-728653.6038918688
-727668.7301329995
-726684.2004592558
-725700.0151036445
-724716.1742991032
-723732.6782785018
-722749.5272746417
-721766.7215202557
-720784.2612480092
-719802.1466904983
-718820.3780802514
-717839.3160406142
-716858.3500500799
-715877.7615037409
-714897.5233370392
-713917.6357341344
-712938.1071660585
-711958.9361491627
-710980.113239594
-710001.6567655812
-709023.5646463127
-708045.8213891847
-707068.4272252114
-706091.1100893542
-705114.4872379148
-704138.2142886876
-703162.291472121
-702186.6105954009
-701211.2308621092
-700236.545296867
-699261.8237244862
-698287.452999
-697313.4333508419
-696339.7650103774
-695366.4482079041
-694393.4831736516
-693420.8701377821
-692448.6093303893
-691476.7009814994
-690505.1453210708
-689533.9425789935
-688563.0929850905
-687592.5967691159
-686622.454160757
-685652.6653896321
-684683.2306852925
-683714.1502772213
-682745.4249691461
-681777.0690261358
-680809.5259834208
-679842.0327277705
-678874.8993020887
-677908.1218254894
-676941.7005263898
-675975.6737235883
-675010.023711966
-674044.7306379683
-673079.8400183537
-672115.3753000813
-671151.2683978768
-670187.5938889552
-669223.9632238215
-668260.9789313765
-667298.3533535919
-666336.086717098
-665374.1792484575
-664412.6311741669
-663451.4427206558
-662490.6141142864
-661530.1455813551
-660570.0373480907
-659610.2896406553
-658650.9026851447
-657691.8767075876
-656733.32685578
-655775.18316863
-654817.4013382355
-653859.9815896903
-652902.9241480227
-651946.2292381942
-650989.8970850997
-650033.9279135682
-649078.1124355562
-648122.8083907717
-647167.6404487905
-646213.06085972
