-8850.351948057883
-8123.300192867755
-7436.64834915963
-6793.033418245381
-6185.964134763111
-5608.737560537527
-5074.126721251407
-4588.355087907286
-4126.1225097025745
-3711.2797132937703
1826612.5847163945
1921520.0859534168
2016391.8287214637
2111228.6675426983
2206031.4700159724
2300801.196303982
2395538.822679675
2490245.390375491
2584922.0169269894
2679569.8447239758
2774190.0823139376
2868784.005712825
2963352.9765567556
3057898.4494538927
3152422.0404114313
3246925.644293776
3341411.7392464587
