-746.1254161803384
-745.7421752964369
-745.3588911509814
-744.9755638189516
-744.5921933753273
-744.2087798950884
-743.8253234532148
-743.4418241246864
-743.0582819844828
-742.6746971075843
-742.2910695689703
-741.9073994436209
-741.523686806516
-741.1399317326352
-740.7561342969585
-740.372294574466
-739.9884126401371
-739.6044885689519
-739.2205224358902
-738.8365143159319
-738.4524642840568
-738.0683724152448
-737.6842387844757
-737.3000634667295
-736.9158465369858
-736.5315880702248
-736.1472881414259
-735.7629468255692
-735.3785641976347
-734.9941403326021
-734.6096753054511
-734.2251691911619
-733.840622064714
-733.4560340010875
-733.0714050752622
-732.6867353622179
-732.3020249369345
-731.9172738743918
-731.5324822495696
-731.147650137448
-730.7627776130065
-730.3778647512253
-729.992911627084
-729.6079183155626
-729.222884891641
-728.8378114302989
-728.452698006516
-728.0675446952725
-727.6823515715482
-727.2971187103228
-726.9118461865763
-726.5265340752884
-726.141182451439
-725.7557913900081
-725.3703609659754
-724.9848912543206
-724.5993823300239
-724.213834268065
-723.8282471434237
-723.44262103108
-723.0569560060135
-722.6712521432045
-722.2855095176321
-721.8997282042769
-721.5139082781186
-721.1280498141367
-720.7421528873112
-720.3562175726223
-719.9702439450494
-719.5842320795726
-719.1981820511717
-718.8120939348264
-718.4259678055168
-718.0398037382226
-717.6536018079239
-717.2673620896002
-716.8810846582314
-716.4947695887976
-716.1084169562785
-715.7220268356539
-715.3355993019038
-714.949134430008
-714.5626322949462
-714.1760929716985
-713.7895165352445
-713.4029030605643
-713.0162526226376
-712.6295652964442
-712.2428411569641
-711.8560802791773
-711.4692827380633
-711.082448608602
-710.6955779657735
-710.3086708845574
-709.9217274399338
-709.5347477068823
-709.1477317603828
-708.7606796754155
-708.3735915269598
-707.9864673899957
-707.5993073395032
-707.2121114504619
-706.8248797978518
-706.4376124566529
-706.0503095018448
-705.6629710084073
-705.2755970513207
-704.8881877055644
-704.5007430461185
-704.1132631479626
-703.7257480860768
-703.3381979354409
-702.9506127710347
-702.5629926678381
-702.1753377008308
-701.787647944993
-701.3999234753043
-701.0121643667444
-700.6243706942935
-700.2365425329311
-699.8486799576375
-699.4607830433922
-699.0728518651752
-698.6848864979662
-698.2968870167452
-697.9088534964922
-697.5207860121866
-697.1326846388087
-696.7445494513381
-696.3563805247547
-695.9681779340384
-695.5799417541691
-695.1916720601265
-694.8033689268906
-694.4150324294412
-694.0266626427582
-693.6382596418213
-693.2498235016104
-692.8613542971055
-692.4728521032864
-692.0843169951328
-691.6957490476249
-691.307148335742
-690.9185149344645
-690.5298489187719
-690.1411503636442
-689.7524193440614
-689.363655935003
-688.974860211449
-688.5860322483794
-688.197172120774
-687.8082799036125
-687.4193556718749
-687.030399500541
-686.6414114645906
-686.2523916390037
-685.8633400987601
-685.4742569188395
-685.0851421742219
-684.6959959398871
-684.306818290815
-683.9176093019855
-683.5283690483784
-683.1390976049735
-682.7497950467507
-682.3604614486898
-681.9710968857706
-681.5817014329732
-681.1922751652772
-680.8028181576627
-680.4133304851093
-680.023812222597
-679.6342634451057
-679.2446842276152
-678.855074645105
-678.4654347725556
-678.0757646849464
-677.6860644572573
-677.2963341644685
-676.9065738815594
-676.51678368351
-676.1269636453003
-675.7371138419101
-675.3472343483191
-674.9573252395072
-674.5673865904545
-674.1774184761406
-673.7874209715452
-673.3973941516487
-673.0073380914304
-672.6172528658705
-672.2271385499487
-671.8369952186448
-671.4468229469388
-671.0566218098105
-670.6663918822397
-670.2761332392063
-669.8858459556901
-669.4955301066711
-669.105185767129
-668.7148130120438
-668.3244119163952
-667.9339825551631
-667.5435250033273
-667.1530393358678
-666.7625256277644
-666.3719839539968
-665.9814143895452
-665.5908170093891
-665.2001918885085
-664.8095391018832
-664.4188587244931
-664.028150831318
-663.637415497338
-663.2466527975326
-662.8558628068819
-662.4650456003656
-662.0742012529636
-661.6833298396558
-661.292431435422
-660.901506115242
-660.5105539540959
-660.1195750269633
-659.7285694088241
-659.3375371746581
-658.9464783994454
-658.5553931581655
-658.1642815257987
-657.7731435773244
-657.3819793877228
-656.9907890319736
-656.5995725850565
-656.2083301219516
-655.8170617176387
-655.4257674470975
-655.0344473853082
-654.6431016072503
-654.2517301879037
-653.8603332022484
-653.4689107252642
-653.0774628319309
-652.6859895972284
-652.2944910961367
-651.9029674036352
-651.5114185947042
-651.1198447443234
-650.7282459274727
-650.3366222191319
-649.9449736942809
-649.5533004278993
-649.1616024949674
-648.7698799704647
-648.3781329293712
-647.9863614466667
-647.5945655973312
-647.2027454563445
-646.8109010986861
-646.4190325993363
-646.0271400332749
-645.6352234754814
-645.2432830009362
-644.8513186846187
-644.4593306015089
-644.0673188265866
-643.6752834348318
-643.2832245012244
-642.8911421007439
-642.4990363083705
-642.1069071990839
-641.714754847864
-641.3225793296906
-640.9303807195437
-640.5381590924029
-640.1459145232482
-639.7536470870594
-639.3613568588165
-638.9690439134993
-638.5767083260876
-638.184350171561
-637.7919695249
-637.3995664610839
-637.0071410550927
-636.6146933819062
-636.2222235165045
-635.8297315338672
-635.4372175089741
-635.0446815168054
-634.6521236323407
-634.2595439305597
-633.8669424864427
-633.4743193749692
-633.0816746711191
-632.6890084498724
-632.2963207862089
-631.9036117551082
-631.5108814315505
-631.1181298905154
-630.7253572069832
-630.3325634559332
-629.9397487123454
-629.5469130511997
-629.1540565474762
-628.7611792761545
-628.3682813122143
-627.9753627306359
-627.5824236063987
-627.189464014483
-626.796484029868
-626.4034837275343
-626.0104631824613
-625.617422469629
-625.2243616640171
-624.8312808406057
-624.4381800743745
-624.0450594403034
-623.6519190133721
-623.2587588685608
-622.865579080849
-622.4723797252167
-622.0791608766438
-621.6859226101099
-621.2926650005952
-620.8993881230795
-620.5060920525424
-620.1127768639639
-619.7194426323239
-619.3260894326023
-618.9327173397788
-618.5393264288333
-618.1459167747457
-617.7524884524959
-617.3590415370636
-616.9655911648547
-616.5721678282126
-616.1787264519677
-615.7852671107881
-615.3918897553718
-614.9985635580852
-614.6052205245581
-614.2118607286105
-613.8184842440619
-613.4250911447314
-613.031681504439
-612.638255397004
-612.2450935946249
-611.8519192986248
-611.4587302442208
-611.0655265038673
-610.6723081500194
-610.2790752551314
-609.8858278916582
-609.4925661320548
-609.0992900487756
-608.7059997142754
-608.3130823328461
-607.9199444249685
-607.5267933979703
-607.1334828736552
-606.7405142162268
-606.3475337101204
-605.9545414260446
-605.5615374347077
-605.1685218068181
-604.7754946130846
-604.3824559242149
-603.9894058109179
-603.5963443439019
-603.2033323768472
-602.8103222731868
-602.4173030792066
-602.0243030435508
-601.6313990130881
-601.2385694871048
-600.8457305467676
-600.452882261553
-600.0600268704089
-599.6672567958728
-599.2744805692581
-598.881781854056
-598.4890750300699
-598.0963601660325
-597.7036373306759
-597.3109065927327
-596.9181680209358
-596.5254216840176
-596.1322614811804
-595.7395056980328
-595.3468299142323
-594.9542504266846
-594.561664441575
-594.1691194830164
-593.776581728482
-593.3840379620974
-592.9914882516208
-592.5989326648104
-592.2063712694246
-591.8138041332218
-591.4211336979467
-591.0286784869345
-590.6362182997566
-590.2437532037281
-589.8512832661638
-589.4588085543787
-589.0669074152337
-588.674608114085
-588.2823050609276
-587.88999832243
-587.4976879652605
-587.1053740560878
-586.7130566615803
-586.3207358484062
-585.9280599894175
-585.5357940713005
-585.1435252090109
-584.7510856895148
-584.3588987117106
-583.9667093729448
-583.5745177393903
-583.1823238772199
-582.7901298020585
-582.3980729850667
-582.0060147467226
-581.613955152742
-581.2218942688409
-580.8298321607349
-580.4377688941402
-580.0457263841712
-579.6537813766237
-579.2620842591277
-578.8701712442898
-578.4782580443904
-578.0863447246668
-577.6944313503562
-577.3025179866964
-576.9103842468932
-576.5185353256519
-576.1266868803182
-575.735767506632
-575.3440522143559
-574.9523381286137
-574.5606253140561
-574.168913835334
-573.7772037570979
-573.3854951439985
-572.9927779276197
-572.6011252013385
-572.2094743591257
-571.8178557254399
-571.4262796861874
-571.03470601033
-570.6434377133785
-570.2519353176481
-569.860435741428
-569.4689390488307
-569.077445303969
-568.685954570955
-568.2941982661672
-567.9027444569339
-567.5112939761071
-567.1199541199837
-566.7286311788912
-566.3373122320276
-565.9459973430966
-565.5546865758018
-565.163379993847
-564.7720776609359
-564.3807796407721
-563.9895865345056
-563.5984389851162
-563.207296486362
-562.8161591015781
-562.4250268940996
-562.0338999272609
-561.642778264397
-561.2516619688427
-560.8609833536717
-560.4699679140002
-560.0789583696361
-559.6879547836876
-559.2969572192629
-558.9057113004686
-558.5160651008131
-558.1252116189494
-557.7343648732307
-557.343524926456
-556.9526918414241
-556.5618656809341
-556.1710465077849
-555.7786795826192
-555.3879924008846
-554.997312844213
-554.6066409751239
-554.215976856137
-553.825320549772
-553.4346721185484
-553.0440316249859
-552.6533991316043
-552.2627747009228
-551.8721583954614
-551.4815502777396
-551.0914893609531
-550.7010233499919
-550.3105661634143
-549.9201178634542
-549.5296785123455
-549.1392481723226
-548.7488269056194
-548.3582548984151
-547.9679121630263
-547.5775789033689
-547.1872551815441
-546.7969410596532
-546.4066365997976
-546.0163418640784
-545.6260569145969
-545.235908826125
-544.8458348402213
-544.4557714964471
-544.0657188564942
-543.6756769820544
-543.2856459348193
-542.8956257764811
-542.5056165687314
-542.115618373262
-541.7256312517649
-541.3356552659317
-540.9456904774544
-540.5561147030879
-540.1662701341933
-539.7764372796169
-539.3866162008505
-538.9968069593864
-538.6070096167164
-538.2172242343324
-537.8274508737263
-537.4375617786991
-537.0479088260131
-536.6582684052202
-536.2704353269386
-535.8808719449214
-535.4913214400028
-535.1017838733817
-534.7122593062563
-534.3227477998253
-533.9311415019816
-533.5416035431788
-533.1520973011177
-532.7627763716953
-532.3734692795906
-531.9841760857416
-531.5949024732137
-531.2056485782159
-530.8164399319598
-530.427245555707
-530.0382436915321
-529.6491525721535
-529.2600761359012
-528.8710144433745
-528.4819675551734
-528.0929397486226
-527.7040276769086
-527.3151309034615
-526.9262494885445
-526.5369326189539
-526.1482104808093
-525.7595336774733
-525.3709329050382
-524.9823484755107
-524.5937804486757
-524.2052288843178
-523.8166938422215
-523.4281753821718
-523.0396735639533
-522.6512799663643
-522.262916767402
-521.874570693977
-521.4862418055536
-521.0979301615955
-520.709799787093
-520.321625667886
-519.9334692989037
-519.5453307394707
-519.1573817853357
-518.7694581045168
-518.3815529214547
-517.9936662949445
-517.605798283781
-517.2179489467591
-516.8301183426737
-516.4423065303197
-516.0545135684921
-515.6667395159857
-515.2789844315954
-514.8912483741162
-514.5035314023429
-514.1158335750706
-513.7281549510938
-513.3405747937594
-512.953374198496
-512.5662052525769
-512.1790570559256
-511.7919296663644
-511.4048231417153
-511.01773753980063
-510.6306729184426
-510.24362933546325
-509.85660684868475
-509.4696055159296
-509.08262539501953
-508.69783323623216
-508.31091111798077
-507.92401043195713
-507.5371312360232
-507.14804499192616
-506.7611933563541
-506.3743633373827
-505.9875549928341
-505.6008627637356
-505.21433500207405
-504.8278297263159
-504.4413469936597
-504.0550388604308
-503.6687955506184
-503.2825755196414
-502.89637882441235
-502.51020552184394
-502.12405566884814
-501.7379293223377
-501.35182653922544
-500.9657473764236
-500.5796918908448
-500.1936601394013
-499.80765217900597
-499.42166806657104
-499.03570785900916
-498.6497716132329
-498.2638593861546
-497.8782912120858
-497.49253052045736
-497.10679429328724
-496.7210825872658
-496.3354482317404
-495.94977700983435
-495.56443652482477
-495.1791215822404
-494.793832238166
-494.4085685486859
-494.02333056988476
-493.6381183578473
-493.25293196865783
-492.8677714584009
-492.4826368831613
-492.09752829902317
-491.7124457620716
-491.3274285050573
-490.94248238490405
-490.557562712526
-490.1726695438959
-489.7878029349866
-489.40296294177057
-489.01815469877243
-488.6334749749962
-488.24883223489445
-487.86422180015785
-487.4796536356176
-487.0951279031527
-486.7106295731024
-486.3261587011503
-485.9417153429799
-485.55729955427483
-485.17302987290174
-484.7888146195235
-484.4046957179144
-484.020605155174
-483.63654298659054
-483.2525924459291
-482.8686402897843
-482.4847168239451
-482.1008221035833
-481.7169561838711
-481.33311911998004
-480.94931096708245
-480.5655317803501
-480.1817816149551
-479.79806052606915
-479.4143685688644
-479.03044408342515
-478.64701445202087
-478.2636169858337
-477.88024940248926
-477.4969117568509
-477.1136041037825
-476.73032649814735
-476.347078994809
-475.96386164863105
-475.58067451447715
-475.1976093960156
-474.8145879333703
-474.4315970979257
-474.04863694432794
-473.66570752722333
-473.2828089012582
-472.89994112107837
-472.5171042413304
-472.1342983166606
-471.7515234017149
-471.368986886831
-470.986412170272
-470.60416604467156
-470.22171974193526
-469.8393052164642
-469.45692252257487
-469.0745717145829
-468.69225284680493
-468.30981952372525
-467.92766876377544
-467.545550370988
-467.163464399563
-466.7814109037004
-466.39938993760103
-466.02124962673605
-465.6393834506246
-465.2575501475281
-464.87574977142725
-464.48970195907685
-464.10797798191237
-463.7262871453848
-463.3446295035016
-462.96300511027147
-462.58141401970175
-462.1998844998704
-461.81839145095904
-461.4369348833474
-461.05554643943816
-460.67421341114317
-460.2929142220017
-459.91166560990854
-459.53046550808125
-459.14930116657894
-458.768185019995
-458.3871030909
-458.0060722855465
-457.6252068084438
-457.2443760605316
-456.8635800954099
-456.48311528631467
-456.10243805942554
-455.72179588438365
-455.3411888147006
-454.96061690388757
-454.5800823749269
-454.1996292302069
-453.81921152125466
-453.4388293015324
-453.0584826245027
-452.6781715436278
-452.2978961123701
-451.9174720065485
-451.537335496926
-451.15723495471474
-450.77717043329295
-450.3972284914582
-450.0173256260975
-449.63745913678923
-449.25762907675704
-448.87784524081343
-448.4980983108508
-448.1184127459522
-447.7387672334058
-447.3591584908541
-446.97918040189353
-446.5996792184022
-446.220231363044
-445.840820590297
-445.46157622987624
-445.08244024971106
-444.7033419592506
-444.3242994657199
-443.94534150768305
-443.5664215224413
-443.1875870187003
-442.80877361242125
-442.4299984071392
-442.0512614554039
-441.6725628097652
-441.2943347809748
-440.9158000151222
-440.5373038916569
-440.1588464629701
-439.78042778145294
-439.4020478994966
-439.0238001738323
-438.64562774286713
-438.2673354968376
-437.889302913212
-437.5113097762733
-437.13335613804753
-436.7554420505607
-436.37756756583866
-435.9994820304765
-435.62176380811314
-435.24408550045786
-434.86644715939707
-434.48884883681814
-434.1112905846075
-433.73377245465207
-433.3563876890335
-432.97902254904017
-432.602412133978
-432.22529041475144
-431.84822397349586
-431.47120250405004
-431.0942969381071
-430.7174325761984
-430.34060946968833
-429.96382766994094
-429.5870872283204
-429.2103881961911
-428.83373062491745
-428.45711456586326
-428.08012711888654
-427.70362483285993
-427.3273970616331
-426.9511000516198
-426.57484511881165
-426.1986323143447
-425.8224616893546
-425.44633329497736
-425.0700794028524
-424.69407936183353
-424.32182518313135
-423.9459751002518
-423.57016770972103
-423.19440306251084
-422.81544516163063
-422.4398908677983
-422.0643796997845
-421.6889117082795
-421.31348889342627
-420.9381779828348
-420.56291055306673
-420.1876866547555
-419.8125063385343
-419.4373696550363
-419.0622766548949
-418.68722738874334
-418.3122219072148
-417.93726026094276
-417.5623425005603
-417.18758236828637
-416.81289810854673
-416.4382117622459
-416.0636217168635
-415.68913658225574
-415.3146960566562
-414.94035950442833
-414.5661359410351
-414.19222210088117
-413.8181049868003
-413.444064579079
-413.0692175818992
-412.69542701049494
-412.3216820665301
-411.9479827997922
-411.5746666001899
-411.2009233858207
-410.82687515311346
-410.4533910372595
-410.07995291502743
-409.7065608361803
-409.33321485048117
-408.9599150076934
-408.5866613575797
-408.2134684466394
-407.8403426857196
-407.4672633399395
-407.09442878232
-406.7222144795301
-406.3493053682016
-405.9764429316642
-405.60362721963196
-405.2308582818188
-404.85813616793854
-404.4854609277053
-404.1128326108328
-403.73919597986594
-403.3666669079798
-402.9941932675707
-402.62177943816295
-402.24941283696813
-401.8771775600458
-401.50513818819064
-401.1331465851161
-400.76120280007865
-400.3893371422932
-400.0175245260195
-399.64575994703387
-399.274043454567
-398.9023750978504
-398.53137284483324
-398.15983316463524
-397.7883418333898
-397.4173828380382
-397.04607825775565
-396.6748223439681
-396.30361514579846
-395.9324567123689
-395.56134709280246
-395.1902955563375
-394.81933614578554
-394.4481265613058
-394.0772805904896
-393.7066042125467
-393.33600596451134
-392.9654641063552
-392.5949718437376
-392.22452922544585
-391.8541833648704
-391.48390034925677
-391.1136672428462
-390.74348409438505
-390.37335095262006
-390.00326786629796
-389.63323488416535
-389.2632520549686
-388.8933194274546
-388.52343705037
-388.1536049724614
-387.7838415421941
-387.4141366588765
-387.0444822683364
-386.6750340094615
-386.3056619649927
-385.9364900530275
-385.5671601410283
-385.1979916651506
-384.8288743688608
-478.9301083005495
-478.5610935086075
-478.1921300414253
-477.8232179473935
-477.454357274903
-477.085548072344
-476.7167903881074
-476.34834648277223
-475.97975836718444
-475.61122203988117
-475.2427375492052
-474.8743049434991
-474.5059242711054
-474.1381341124647
-473.7700090989998
-473.40193641652274
-473.0339161131711
-472.6659482370823
-472.29803283639427
-471.93016995924427
-471.56235965377
-471.19465788234305
-470.8266074954625
-470.45899020977606
-470.09158738528885
-469.7241694317614
-469.3581010136188
-468.9908168807059
-468.62358598158704
-468.2564083642594
-467.8892365437762
-467.52229568240455
-467.15540845455405
-466.78857490803296
-466.42179509064965
-466.0550690502123
-465.6883968345292
-465.3201816743639
-464.9536153977462
-464.5871727122938
-464.2208091475964
-463.85449989038517
-463.48824490282664
-463.12204560409975
-462.7560020848962
-462.3900131236552
-462.0240787678798
-461.65819906507346
-461.29237406273955
-460.9266038083811
-460.5608883495016
-460.1952277336044
-459.8295552177264
-459.46429888748224
-459.098916867633
-458.7335900517582
-458.368334214788
-458.0031664657502
-457.6381190118757
-457.27307931455925
-456.9081768676379
-456.54333014401357
-456.1785391908322
-455.81380405523964
-455.44978208320117
-455.08529331960267
-454.7208607212584
-454.35648433513165
-453.9921642081855
-453.62790038738325
-453.263719152234
-452.89961536813735
-452.535568101403
-452.17157739892434
-451.80764330759496
-451.4435460161229
-451.0797552518492
-450.71607608930185
-450.3525113604628
-449.9890036816774
-449.625563778172
-449.2622809950999
-448.8990608917257
-448.5359072693551
-448.17281113132276
-447.8097725241656
-447.4468025230308
-447.08390722488934
-446.72106963839894
-446.35828981005676
-445.99556778635946
-445.63290361380456
-445.27032900038313
-444.9079650173706
-444.5457054670938
-444.18351145759124
-443.82127717744413
-443.4593361173772
-443.0974537936375
-442.7456648474008
-442.3835830881744
-442.021559732753
-441.65959482761895
-441.29768841925454
-440.93584055414215
-440.57405127876416
-440.2123206396032
-439.8508327902695
-439.4894508711375
-439.12812801805313
-438.76686427706255
-438.4056596942125
-438.0445143155494
-437.67569711359994
-437.314881469523
-436.95412550746255
-436.5934292732476
-436.2331705677706
-435.8726427051338
-435.5121747908269
-435.1517858232894
-434.7915183175398
-434.4313110114908
-434.07116395083915
-433.71107718128167
-433.3510507485149
-432.9911166409484
-432.63128297551833
-432.2715098965187
-431.91147824979555
-431.5518825948642
-431.1924492782448
-430.8330769472989
-430.4737656474373
-430.11451542407093
-429.75532632261064
-429.39619838846727
-429.03713166705165
-428.68012293786074
-428.3210645863922
-427.96206737672253
-427.6031313542861
-427.2442565645175
-426.8854430528518
-426.5266908647235
-426.16800004556706
-425.8093706408173
-425.450802695909
-425.0922962562766
-424.73385136735504
-424.37546807457875
-424.0171464233825
-423.6588864592009
-423.30257788716835
-422.9447688152961
-422.58704070594644
-422.229601791959
-421.87226563825396
-421.5149923355158
-421.1577819285571
-420.80065642397443
-420.44359438854207
-420.08659543638817
-419.729665177249
-419.36851883341967
-419.011929654456
-418.6554040052865
-418.2989419303766
-417.9425434741925
-417.5862086812
-417.22993759586484
-416.873730262653
-416.5202745939804
-416.1634940534528
-415.80730323836565
-415.45119981122014
-415.0952515796688
-414.7398852734439
-414.383960616518
-414.0280998746653
-413.6723030926374
-413.3165745319106
-412.9609582777658
-412.60540619577745
-412.2501338293566
-411.89481553221134
-411.53975350848515
-411.18416182222506
-410.8290415291425
-410.47402821311096
-410.1191929923269
-409.76454312088583
-409.4098273751416
-409.0552059635599
-408.70066484100823
-408.3461329550976
-407.9902541483922
-407.6360948717613
-407.28207620251686
-406.92812315710006
-406.5742357795399
-406.22041411386596
-405.866658204107
-405.51296809429255
-405.15934382845177
-404.8057854506138
-404.452293004808
-404.09886653506334
-403.7455451405352
-403.3923032188882
-403.03912748155824
-402.68601797253456
-402.3329747358062
-401.97999781536237
-401.6270872551921
-401.2742430992846
-400.92146539162883
-400.5687541762139
-400.216109497029
-399.86369536358944
-399.5112352766166
-399.15884193970044
-398.8065153968126
-398.4542556919249
-398.102062869009
-397.74993697203627
-397.3979604321354
-397.0460578682323
-396.69422248987877
-396.34245434098005
-395.99075346544174
-395.63911990716923
-395.2875537100682
-394.93605491804385
-394.5846235750019
-394.2332597248477
-393.8819634114868
-393.5307346788247
-393.1795735707668
-392.82848013121856
-392.4774601162339
-392.12651883420057
-391.77564536814117
-391.4248397619294
-391.07410205943853
-390.7236119317185
-390.37323018324093
-390.0229586173811
-389.67275995742807
-389.32262970752373
-388.9725679111301
-388.6237395580398
-388.273898575732
-387.9241262853679
-387.5744227303304
-387.22540324922886
-386.8759833576533
-386.5266325332538
-386.1766616112186
-385.8276029515877
-385.478642898236
-385.12975232509945
-384.78093127528706
-384.43217979190763
-384.08349791807007
-383.7348856968832
-383.3863431714559
-383.0378703848973
-382.689467380316
-382.34113420082093
-381.992870889521
-381.64467261254924
-381.2966076887735
-380.94849831732273
-380.6006696545883
-380.2529112281437
-379.9052230808433
-379.5576052555407
-379.21005779508977
-378.8625807423446
-378.51554823130954
-378.17043136577047
-377.8232315522996
-377.4761110037921
-377.1290611735469
-376.7820858285064
-376.4351860275694
-376.08835871289637
-375.7394246822444
-375.3928235418039
-375.0462934649579
-374.6998434385905
-374.3535750901871
-374.0073780914057
-373.66125248478977
-373.3152570192471
-372.9693168010265
-372.6231052923967
-372.27653764825743
-371.9307279241652
-371.58516464608675
-371.23967320450856
-370.89425364180494
-370.5489060003501
-370.2036854507639
-369.8585786498103
-369.51354403833403
-369.1686454972231
-368.82388829667974
-368.47920353127387
-368.1345912431157
-367.7900514743155
-367.44631992260696
-367.10187566288084
-366.75750400928126
-366.41328322724786
-366.06917946700975
-365.7251485755027
-365.3811905947929
-365.03730556694575
-364.69349353402725
-364.34975453810284
-364.0060886212387
-363.66249582550034
-363.3189761929537
-362.9755297656643
-362.6321915523048
-362.2887463607532
-361.94562067358066
-361.6034290980685
-361.2605425820422
-360.917729748946
-360.5749906406597
-360.23232529906306
-359.889733766036
-359.54721608345835
-359.20477229321
-358.8624024371705
-358.5201065572201
-358.1778846952382
-357.835736893105
-357.49369564338264
-357.15191280606587
-356.8101719213877
-356.46850980859665
-356.12696616488483
-355.7854970722518
-355.4438279261958
-355.1024901756802
-354.7612463253553
-354.4200772115034
-354.078982875755
-353.7379532684552
-353.3971269978362
-353.0563755574268
-352.71580364353224
-352.37528063795
-352.03483286031434
-351.6944603520145
-351.3542109500648
-351.01405486971265
-350.6739776219329
-350.33397842161406
-349.9940557809657
-349.6539412814862
-349.3142143543473
-348.97456919999564
-348.63467433507526
-348.29516092422233
-347.95572334499235
-347.6163616386549
-347.27711502314605
-346.9379472344393
-346.59885550053116
-346.25983986267744
-345.92090036213347
-345.5820370401548
-345.243249937997
-344.90453909691576
-344.56590455816627
-344.2274876586285
-343.88919473889655
-343.5509302058895
-343.2129091641361
-342.8750759092657
-342.5373196351276
-342.1996427650102
-341.8620481198475
-341.5245305881152
-341.1870902106062
-340.84972702811297
-340.51245614285455
-340.1752625769983
-339.8381463490911
-339.5011074999207
-339.1641460702749
-338.82726210094177
-338.49045563270914
-338.1537267063648
-337.817075362697
-337.47929238599596
-337.14276905664514
-336.8063772980351
-336.47007398372665
-336.1338485188958
-335.79771673501796
-335.46172958806824
-335.1256370736148
-334.78989323397354
-334.45422761773705
-334.1186923569781
-333.78325504247226
-333.44789614308104
-333.11261569934027
-332.7775234430979
-332.4424265776863
-332.10740832210286
-331.77246871686845
-331.4376078025044
-331.1028256195317
-330.7681222084713
-330.43349760984466
-330.0989518641727
-329.7644850119766
-329.4300970937774
-329.0957881500963
-328.7615582214544
-328.42740734837287
-328.0933355713728
-327.7593429309752
-327.4254294677013
-327.0915952220722
-326.757840234609
-326.4239028875379
-326.0904379894208
-325.7571007959974
-325.4238978963516
-325.09082539850397
-324.757845913936
-324.42510994595625
-324.0920861358053
-323.75947675015226
-323.4269474602208
-323.0944983061162
-322.76178176313687
-322.4296329980601
-322.0975646119951
-321.7655766448738
-321.43366913662817
-321.1018421271903
-320.77009565649234
-320.4384297644664
-320.10684449104434
-319.7753398761584
-319.4439552611481
-319.1126645305279
-318.78145464094075
-318.4632201132718
-318.1321136320395
-317.8010880165574
-317.47014330673494
-317.13927954248084
-316.8084967637045
-316.4656740561187
-316.13518589242886
-315.8047789750048
-315.4744533436261
-315.14420903807286
-314.8123844523529
-314.48241609321315
-314.1525292946709
-313.8227240964054
-313.4930317106325
-313.1634521782949
-312.8339544046214
-312.5045384291862
-312.17520790874227
-311.84600800929763
-311.51697670210314
-311.1880275040482
-310.85916045461465
-310.53037559328425
-310.2019666230072
-309.87334380929263
-309.54480329689056
-309.21634512527953
-308.8879693339382
-308.55967596234507
-308.23146504997914
-307.90319981788764
-307.5752310722644
-307.2474241064496
-306.9197071725719
-306.59207304288014
-306.26465503112365
-305.937058293898
-305.6097688953226
-305.28256253276453
-304.95547196375486
-304.6281722621071
-304.3013191291452
-303.97454929493205
-303.6519628531727
-303.3253806319698
-302.9988818441914
-302.6724665289241
-302.3461347252538
-302.01988647226676
-301.69372180904924
-301.3676407746872
-301.03737568255036
-300.71145724718957
-300.3857128593308
-300.060125766134
-299.7346318745485
-299.40922199303134
-299.0838961604842
-298.75865441580873
-298.4334967979068
-298.10842334568
-297.7832936399422
-297.45840681694904
-297.13361690264253
-296.8089143391921
-296.48554667273027
-296.161129236543
-295.8367963670008
-295.5125510483513
-295.18839303367
-294.8643219810963
-294.54033898822394
-294.2164407684527
-293.89262736052393
-293.5688988031789
-293.2452562219474
-292.9217130792319
-292.59825492096866
-292.274867754668
-291.9515875368196
-291.6284201472409
-291.3054046834132
-290.98180524621927
-290.6591029627386
-290.33648614087537
-290.01395481910873
-289.6915258883757
-289.3692395662526
-289.04703894726674
-288.7249240698728
-288.40289497252553
-288.0809516936792
-287.75911893442844
-287.4374254436422
-287.1161142646449
-286.79461728891323
-286.4732064091314
-286.1518816636496
-285.8306430908176
-285.5094907289854
-285.18842461650286
-284.86744479171955
-284.546551292986
-284.2257441586517
-283.9050234270666
-283.58438913658074
-283.2638870907903
-282.9435279894592
-282.62329616527086
-282.3033797195916
-281.9833674782517
-281.66344205894586
-281.3436034998251
-281.02388712370805
-280.70426452769084
-280.3847289429401
-280.06528428931404
-279.74577121334977
-279.4265970333887
-279.107533199145
-278.7885572001288
-278.4696685524059
-278.1507246787789
-277.8320650277337
-277.51349289014286
-277.19505015543734
-276.8766978125994
-276.55843314592806
-276.2402561933681
-275.92216699286365
-275.6041697811113
-275.28630000876973
-274.9685429829962
-274.65087861648215
-274.3333026094481
-274.01581464931604
-273.6984147739732
-273.3811137248665
-273.06390418555554
-272.74678285843515
-272.4297497813833
-272.11239443614267
-271.7955394329928
-271.4789325445349
-271.1624196993113
-270.8460026928167
-270.52950653221575
-270.21321127760234
-269.897004643869
-269.58088666872635
-269.26485738988487
-268.9491075335182
-268.6333276528021
-268.31761864119267
-268.00211892913666
-267.6867137682623
-267.37139770420373
-267.05617752568844
-266.74107035808277
-266.42606673797894
-266.1111538330027
-265.79634248415977
-265.48162415998627
-265.1669960956669
-264.8521978710273
-264.5378369471299
-264.2235789106828
-263.90941050876654
-263.59533177881326
-263.28134275825556
-262.9676315973089
-262.65415457517
-262.34051684117935
-262.02700022521185
-261.7134841449569
-261.4002390842182
-261.087094640253
-260.7744932620033
-260.4615325515935
-260.1486848600825
-259.83592788424295
-259.5232612294474
-259.210684932855
-258.8981990316247
-258.5858035629153
-258.2735271129749
-257.9613914906727
-257.64939110268045
-257.3372611126247
-257.02547270075183
-256.7137894810247
-256.40222171817544
-256.09074483159594
-255.77935885826173
-255.46806383514803
-255.15685979923012
-254.84574678748322
-254.534282562398
-254.22338994562358
-253.912588503017
-253.6005763342348
-253.29016161722706
-252.97995067291862
-252.6698312651314
-252.3598034304802
-252.04986720558014
-251.74002262704613
-251.43026973149313
-251.12060855553625
-250.81103913579034
-250.50156150887034
-250.19217571139126
-249.88288177996827
-249.57367975121622
-249.26464357574912
-248.95574296639467
-248.64702760518867
-248.3383291151718
-248.0297594117519
-247.7212887294139
-247.41293492899058
-247.10534426092204
-246.79720658322532
-246.48916133757308
-246.18122298025247
-245.87339810580306
-245.56561345874195
-245.2579849934196
-244.95044918992522
-244.6430060846219
-244.3356557138723
-244.02839811403948
-243.72123332148595
-243.41416137257488
-243.10718230366882
-242.80029615113085
-242.49350295132353
-242.18680274061012
-241.88019555535323
-241.57368143191553
-241.2672604066604
-240.96047380156784
-240.65425431887076
-240.34812806063195
-240.04209506321143
-239.73615536296847
-239.43030899626285
-239.12455599945446
-238.8189165835488
-238.51428288885694
-238.20898607634405
-237.90387535859543
-237.59860312819774
-237.29374554555864
-236.98939763808835
-236.68452079431506
-236.37994203300184
-236.0754572078008
-235.77041266469905
-235.46622390472913
-235.1621292654666
-234.85812878281342
-234.55422249267173
-234.2504104309436
-233.94669263353086
-233.64680497837264
-233.3433083045798
-233.03990603034327
-232.7367275238788
-232.43370532941202
-232.128493668568
-231.8256593672341
-231.52296691596717
-231.22036924511406
-230.91786639034495
-230.61491764072633
-230.3126164863063
-230.01046391729153
-229.70833236387676
-229.4062957999638
-229.10439205316493
-228.80264423438382
-228.5178156347681
-228.21639599051002
-227.91507166275812
-227.61384268697458
-227.3127090986216
-227.01167093316155
-226.71072822605691
-226.4098810127693
-226.10912932876187
-225.80847320949613
-225.50791269043486
-225.20744780703996
-224.90707859477402
-224.6068050890991
-224.28910430325567
-223.9890179256504
-223.68900860315898
-223.38914693966672
-223.08939471256048
-222.78974128997248
-222.49018386413798
-222.1908997109927
-221.89159696974593
-221.59239035824186
-221.2934370304652
-220.99451087392342
-220.69568450970854
-220.39699878859975
-220.10024571195106
-219.801779453167
-219.50340968786367
-219.20513645125214
-218.90701909254503
-218.60900278755383
-218.31108317278222
-218.01326028340833
-217.71579889430444
-217.41817777307878
-217.12065349126956
-216.8232260840534
-216.5258955866066
-216.2287218484392
-215.93161352903502
-215.63460225224273
-215.33768805323018
-215.04087096716336
-214.74415102920972
-214.44752827453613
-214.15123400843387
-213.8548655685161
-213.5586631932
-213.26222601548525
-212.9663118301856
-212.6704340945686
-212.37492108295544
-212.07940188113216
-211.78398796215956
-211.48867176567228
-211.1934533264992
-210.89833267946983
-210.60335556613805
-210.30850148718838
-210.01374532564637
-209.7190871162367
-209.42452689368406
-209.13005068348906
-208.8357906122494
-208.54163667847297
-208.24745070867473
-207.95361875440216
-207.6598851363546
-207.3662498890321
-207.0727130469348
-206.77927464456192
-206.48593471641314
-206.1937737600609
-205.9006661358756
-205.60765712295355
-205.3147467557846
-205.02195343091745
-204.72929418386624
-204.43729939880373
-204.14491639373975
-203.8526556700986
-203.56049386362452
-203.26848249792855
-202.97658097738062
-202.68447156094481
-202.3928107065201
-202.10124900938374
-201.80978650374956
-201.51842322383064
-201.22619784696016
-200.9349930288022
-200.6439752545025
-200.3530153183744
-200.06419136941946
-199.77356052760547
-199.48302920425428
-199.19259743341092
-198.90226524912018
-198.61203268542724
-198.32198382274132
-198.0320668653301
-197.74224972857698
-197.45253244647196
-197.16291505300543
-196.87339758216729
-196.58398006794764
-196.29467513864859
-196.00547530528357
-195.71637554838392
-195.4273759019369
-195.13862794107828
-194.8487388101929
-194.5602135678695
-194.271788627167
-193.9834640218391
-193.6958255125573
-193.40771776694967
-193.119655846401
-192.8317771843957
-192.5439990690042
-192.2563215339695
-191.96882420125544
-191.68154425885575
-191.39477113844106
-191.10769517837105
-190.8207372898065
-190.53389968480437
-190.24716299930228
-189.9605272667833
-189.67399252072943
-189.38755879462383
-189.1012261219481
-188.81499453618588
-188.52902560459393
-188.243051436816
-187.95718810867473
-187.6709280874871
-187.38540380571573
-187.09998881625967
-186.81468915382737
-186.52949096532328
-186.24439428402238
-185.95948950728075
-185.67469658820133
-185.39000535060813
-185.10212568663783
-184.8175853981448
-184.53325622879737
-184.25236958857556
-183.96826239681394
-183.68434187140676
-183.40052904916823
-183.11670147928177
-182.8308301904531
-182.54764462237725
-182.2645613274678
-181.98158033844118
-181.6987016880149
-181.41592540890503
-181.13325153382846
-180.8506800955023
-180.56821112664278
-180.28584465996687
-180.0035807281912
-179.72141936403256
-179.43936060020758
-179.15740446943323
-178.87555100442586
-178.59380023790257
-178.31215220257977
-178.03060693117453
-177.74916445640324
-177.4678248109828
-177.18658802763
-176.9054592315508
-176.6244414777126
-176.34352669594028
-176.06271491894674
-175.78200617944472
-175.50153572892827
-175.22097917752237
-174.94065410318902
-174.6604323131796
-174.3803459938001
-174.1003629995474
-173.82060031306557
-173.54072285945864
-173.26105914143437
-172.98149888674078
-172.7020421280499
-172.42268889803393
-172.1434392293652
-171.8642931547159
-171.58525070675847
-171.30631191816482
-171.02747682160708
-170.74874544975825
-170.47011783528956
-170.19159401087393
-169.91317498271388
-169.635092357876
-169.3571886558577
-169.07938897356564
-168.80169334330748
-168.52426466341748
-168.24681031831796
-167.96946015339705
-167.69221420095639
-167.41550301681144
-167.1384808061677
-166.86156294046586
-166.58474945203878
-166.30798795426463
-166.03135191880446
-165.75492052663282
-165.47981919608324
-165.20377803333022
-164.92784148273012
-164.65206255976983
-164.37638862827677
-164.1008367253883
-163.82580599644257
-163.55046494407824
-163.2752287551436
-163.00011873523448
-162.7251964916411
-162.45037921035197
-162.1756669231567
-161.90105966184603
-161.62655745820922
-161.3521603440369
-161.07786835111887
-160.8037035266211
-160.52963316139102
-160.25532616879326
-159.98148373783496
-159.70774661356188
-159.43411482775852
-159.1605884122086
-158.88716739869687
-158.61387500110175
-158.3407658977583
-158.06794460469217
-157.79700798806013
-157.52440732964092
-157.2520127683006
-156.97972398288314
-156.70886504638253
-156.43680591556335
-156.16486954795906
-155.89303910841176
-155.62131462829385
-155.3497344326518
-155.07827110591145
-154.8070263950685
-154.5359552076949
-154.26507426905295
-153.9942995872458
-153.72363119331501
-153.45307770499284
-153.18265082483984
-152.91236180544308
-152.64218330869474
-152.37022619579812
-152.10043892788235
-151.83064956330008
-151.5610647589952
-151.29158974053058
-151.02222140486143
-150.75297705029067
-150.48386561603343
-150.21486099726602
-149.94597566792694
-149.67719730962813
-149.408570797959
-149.14039409992716
-148.8719606395776
-148.60363416301504
-148.33537944473616
-148.06731079393438
-147.79934968943755
-147.5315028662592
-147.26376321671938
-146.9961307715032
-146.72860556129586
-146.4611876167825
-146.19387696864874
-145.9266736475795
-145.6596400290936
-145.39273709443444
-145.12601461323328
-144.85951941737125
-144.59319654100867
-144.32698124467674
-144.06093341534842
-143.79496122662164
-143.52913960934825
-143.26353598875926
-142.99804014931166
-142.73262440189916
-142.46736769423353
-142.2022188768338
-141.93710223187762
-141.67218464392727
-141.40737505045243
-141.14268920910627
-140.87813108771854
-140.61368108061328
-140.34905809588545
-140.08481964337383
-139.82070705853704
-139.55683887548778
-139.29298059048003
-139.02923063005542
-138.76558902422352
-138.5022020899963
-138.23942384214396
-137.9760516408498
-137.7127879215997
-137.4496327144988
-137.18660583368515
-136.92354089079856
-136.66105325748748
-136.39921312752412
-136.13695048772868
-135.87479658569652
-135.61275145107905
-135.3508151135284
-135.0889876026964
-134.82726894823497
-134.5656591797959
-134.30415832703096
-134.04437114431022
-133.7832359101501
-133.5222097650239
-133.26129273849224
-133.0003725132644
-132.7397513260201
-132.47895054994348
-132.21869730366242
-131.95864485610974
-131.6986401260182
-131.43874479587342
-131.17901234150887
-130.9193919542221
-130.65988106407923
-130.40048541672888
-130.14124268804852
-129.88211663434026
-129.623100232329
-129.36338123251102
-129.1048135014848
-128.84635560996063
-128.58800758695264
-128.32977023202287
-128.0716470769369
-127.81363388112699
-127.55573305091296
-127.29774867389806
-127.04010548073624
-126.78257239598246
-126.52514944863901
-126.26783666770987
-126.01062899328663
-125.75356421913008
-125.49664535501518
-125.23983977416414
-124.98314449570456
-124.72655954853131
-124.47008496153984
-124.21372076362476
-123.95746698368178
-123.70132365060552
-123.4452907932914
-123.18936844063445
-122.93363071043417
-122.67810554396442
-122.42298357614875
-122.16811850327917
-121.91337020061235
-121.6587490914159
-121.40333737568196
-121.14893674288854
-120.89464696477714
-120.64046806947852
-120.38640008512267
-120.13241231416073
-119.87863427251403
-119.62496802642836
-119.37142689037823
-119.11814904572942
-118.87508420738321
-118.62193891370785
-118.36890787310828
-118.11598848892771
-117.86318887853541
-117.61050045090646
-117.35743877338234
-117.10528311094258
-116.85323871172534
-116.60130560315947
-116.34948381267326
-116.09778619551834
-115.8462126113046
-115.59475043508934
-115.3433996942771
-115.09222897835599
-114.84121673560713
-114.59031608317943
-114.33952704842307
-114.08884965868783
-113.83828394132398
-113.58782992368133
-113.33748763311003
-113.08725709696009
-112.82898591285479
-112.57908417908871
-112.32930036769051
-112.07966536466905
-111.83021865312976
-111.58105949387117
-111.33201234150911
-111.0830434559047
-110.83431994272267
-110.58569089938678
-110.33720016141073
-110.08882158883137
-109.84055520842504
-109.59240104696865
-109.34435913123842
-109.09688044179872
-108.84908753892162
-108.601406982844
-108.35385775297344
-108.10650399982894
-107.85928830365069
-107.61218509208493
-107.36535032325133
-107.1186542932078
-106.87214849858883
-106.62576567928319
-106.37954581290867
-106.13344704389013
-105.88746098182199
-105.64158765296405
-105.39585902628849
-105.15024720688967
-104.90439930710814
-104.65918332894589
-104.41398003590037
-104.16912993836763
-103.92439283781778
-103.67976876016601
-103.43527059741459
-103.1909364181572
-102.94742665685294
-102.70340683735418
-102.45956451695122
-102.21577925523266
-101.97210722587106
-101.72845955649088
-101.48585400886519
-101.24266365442203
-100.99970020897908
-100.75674485727923
-100.51390293953266
-100.27117448135581
-100.02855950836418
-99.786058046174
-99.54566685448715
-99.30333542077359
-99.06111752291606
-98.81901318653324
-98.57702243724431
-98.33514530066773
-98.09338180242293
-97.85173196812848
-97.61019582340366
-97.36877339386719
-97.127464705138
-96.88649189224292
-96.64574846181273
-96.40516930849967
-96.16471011229022
-95.92436829369807
-95.68414032806899
-95.44403282618535
-95.2040586722627
-94.96419844712666
-94.72445217579812
-94.48481988329802
-94.24530159464746
-94.00589733486693
-93.76761649371369
-93.52866605436418
-93.29081852971716
-93.0522835982967
-92.81388887976681
-92.57560849481507
-92.33748805062775
-92.09949431070476
-91.86161496131693
-91.62299303400155
-91.38554872518755
-91.1483483062184
-90.91130240852956
-90.67437110221199
-90.4376114818774
-90.20104500251263
-89.96459314741892
-89.72830035499169
-89.49217785094062
-89.2563361290543
-89.02052899562393
-88.78480601626006
-88.54940471290983
-88.31411823881312
-88.07901318420144
-87.84357948620944
-87.60854302972439
-87.37390267296018
-87.13939838935447
-86.90507319942931
-86.66756874614686
-86.43367572842014
-86.19989778885117
-85.96623495049809
-85.73268723642057
-85.49942047737026
-85.26633363341423
-85.0333619158204
-84.80050534727307
-84.56992637210502
-84.3375606146754
-84.10503132284549
-83.87261720885313
-83.64032947060593
-83.40815890064475
-83.17610358624242
-82.94416355002124
-82.71318889341912
-82.48178927766683
-82.25052595144498
-82.0198418546127
-81.78777124439553
-81.5571107677766
-81.32657184479187
-81.09614994264312
-80.86585088812862
-80.6357085241375
-80.40573093369778
-80.17589772787085
-79.94619385582442
-79.716588215473
-79.48721643308224
-79.25796450538432
-79.02885024777521
-78.79965061074694
-78.57119570920045
-78.34230068879295
-78.11387535318372
-77.88566047712253
-77.65756132087985
-77.42989666457369
-77.2022273405838
-76.97426691896631
-76.751055947594
-76.52301092907169
-76.29561915046396
-76.06839199488657
-75.84128080242687
-75.61432800020347
-75.38775098136999
-75.16105053022457
-74.93264434801274
-74.70658074491355
-74.4806432081667
-74.25490897424554
-74.0294284132782
-73.80398635859392
-73.5787198738925
-73.35357790484908
-73.12830594733182
-72.90364549793338
-72.67765761872788
-72.4533628989599
-72.22921300121351
-72.00525443379418
-71.78280496552668
-71.55898634588486
-71.33373001045769
-71.11033893829247
-70.88706423696468
-70.66390592605748
-70.44086402515508
-70.21793855384004
-69.99517401482898
-69.77324023683893
-69.55080267498246
-69.32872953601752
-69.10664127002411
-68.88475471893872
-68.66259115070547
-68.44116534060053
-68.21985606721648
-67.99866334939503
-67.77758720597706
-67.55662765580358
-67.33582838666636
-67.11516150304314
-66.89433539890685
-66.67386297848972
-66.45335056151183
-66.23366554988036
-66.01381022682321
-65.79401696641685
-65.57459672802827
-65.3550620476721
-65.13564423424506
-64.91634330638242
-64.69724000690319
-64.47828176070982
-64.26081216566392
-64.04247124514961
-63.82436971129279
-63.60500639389723
-63.38761296894844
-63.17130315429007
-62.95383239102643
-62.73671059366176
-62.519751097830714
-62.30296246654797
-62.08635441109782
-61.87000071596354
-61.65364441410091
-61.4374049898017
-61.22130759900855
-61.005335347220765
-60.7894257038855
-60.57434932694875
-60.35903665071272
-60.14387257358083
-59.92903439930186
-59.71446092123876
-59.50012139633973
-59.287427069910805
-59.07329093201738
-58.85927169399918
-58.645369371636185
-58.431583980707565
-58.217926962249095
-58.00439501087903
-57.79100309518364
-57.57778054081265
-57.365042217741255
-57.15482167134085
-56.942696972858045
-56.73068912489328
-56.518830427578884
-56.30646414763224
-56.1007843225759
-55.889895535189424
-55.67912341424823
-55.46206197322695
-55.25130735558155
-55.04069842273544
-54.83025150676759
-54.619445513060434
-54.40972024189052
-54.20015773702564
-53.99071778501151
-53.781438601110594
-53.572429613414805
-53.36313748476829
-53.175360588352426
-52.966897898928494
-52.75855205048423
-52.550323055704126
-52.342210927274195
-52.13421567787882
-51.90431259381969
-51.69687309057265
-51.48962006849772
-51.28252403294877
-51.075659666720895
-50.86893432890135
-50.66234448816127
-50.45585668574181
-50.24971337909612
-50.04362276922108
-49.83778523013985
-49.6322428215819
-49.42685223229241
-49.22268885726994
-49.01821827989747
-48.81394861331245
-48.60894110143872
-48.404050421040154
-48.199276583390194
-47.99512519056024
-47.79063260728621
-47.586858152977655
-47.383185513630394
-47.17973967671604
-46.97641473827732
-46.773239453105376
-46.57028100326343
-46.36751328605216
-46.164920582536844
-45.96253425383987
-45.76053819373646
-45.55850467177643
-45.35661383714678
-45.15509458103788
-44.953730094867645
-44.75310206237412
-44.55184722640004
-44.35134170048754
-44.15041698896652
-43.94994822823361
-43.74960723674309
-43.54938298358081
-43.34943619182263
-43.149474673422056
-42.94984785729775
-42.75042173914693
-42.5512796130568
-42.352267840816054
-42.15356815569301
-41.95533869106649
-41.75736416607769
-41.56332950216765
-41.36592210952437
-41.16883145437739
-40.967336849704736
-40.770595340229335
-40.57396130711806
-40.37838590942242
-40.18225670059596
-39.98558225173119
-39.78712317833677
-39.591328852149076
-39.3991694312481
-39.20418418238312
-39.00922342749301
-38.81454845780879
-38.62034823192528
-38.42631348536199
-38.232398950487145
-38.025119937269366
-37.83047073338018
-37.63593811655452
-37.44269419292267
-37.24957794596581
-37.05657815545984
-36.86369482619897
-36.67310876309161
-36.48278368750808
-36.306324524302156
-36.11582636563049
-35.9283900419136
-35.7379020251903
-35.547582124244535
-35.35737862579315
-35.16730259938864
-34.97752631058765
-34.78788468788541
-34.59877779638069
-34.40700961193256
-34.21820599774306
-34.02956581210892
-33.84141068256472
-33.650567052245954
-33.46304964461585
-33.276083416004546
-33.08965056132036
-32.902042023447926
-32.7155665107998
-32.529784155558445
-32.34231965715729
-32.15614118450915
-31.970145986194836
-31.784763046591664
-31.599340755357176
-31.4141808072509
-31.230007467613554
-31.044151084464048
-30.858449558643393
-30.672537500714995
-30.48716643337172
-30.301912644320524
-30.11679202603689
-29.946731984644188
-29.762765601637184
-29.57123386032832
-29.38840634529059
-29.207274241379466
-29.024679213303955
-28.842564867284267
-28.660711224415806
-28.47911138973059
-28.29795647265412
-28.116899940962668
-27.93616639248735
-27.75559055841528
-27.5752057350676
-27.396406171675423
-27.215458137832357
-27.0368024089163
-26.857083530137203
-26.677870188814822
-26.49899278405762
-26.320302113705665
-26.141786231642712
-25.963460057836727
-25.785775414628787
-25.608554562216042
-25.431105330341268
-25.254493049478157
-25.078198624643377
-24.902059291204793
-24.725886831111396
-24.550165298060165
-24.37495636623784
-24.200329362844116
-24.025764121487853
-23.851653087730284
-23.677797727218135
-23.506445731392944
-23.331259527856375
-23.15843851263844
-22.986859290891445
-22.81427054921957
-22.64287017309968
-22.470948905724683
-22.29983004331531
-22.14019127806823
-21.95926427297573
-21.78909133456868
-21.619041705662966
-21.45320203699754
-21.281046855285766
-21.111480725793754
-20.942621800429535
-20.77454314612295
-20.606545689691558
-20.438692411473724
-20.271360893089323
-20.105108384871045
-19.939653468333645
-19.775734076617525
-19.608105463350654
-19.442579350047282
-19.28201610164635
-19.10837254971301
-18.947504076654212
-18.783145377479727
-18.6190086806739
-18.45578802526218
-18.29254598833633
-18.129867787877103
-17.96736948642892
-17.806311523179758
-17.643281389747045
-17.482874364535448
-17.32102346160042
-17.159653545042275
-16.99905554086122
-16.83884253830847
-16.68066765084444
-16.521572747352067