-1386.2547718350081
-1385.5228777510174
-1384.7910924980943
-1384.0594162622892
-1383.3278492295403
-1382.5963915856742
-1381.8650435164043
-1381.1338052073336
-1380.4026768439514
-1379.6716586116365
-1378.940750695655
-1378.2099532811603
-1377.4792665531947
-1376.748690696688
-1376.0182258964587
-1375.2878723372116
-1374.5576302035413
-1373.8274996799296
-1373.0974809507456
-1372.3675742002476
-1371.637779612581
-1370.9080973717794
-1370.1785276617645
-1369.4490706663457
-1368.7197265692207
-1367.9904955539748
-1367.2613778040811
-1366.5323735029017
-1365.8034828336854
-1365.0747059795697
-1364.3460431235796
-1363.6174944486288
-1362.889060137518
-1362.1607403729365
-1361.4325353374613
-1360.7044452135576
-1359.9764701835784
-1359.2486104297645
-1358.520866134245
-1357.7932374790366
-1357.0657246460444
-1356.3383278170613
-1355.6110471737672
-1354.8838828977318
-1354.1568351704113
-1353.4299041731504
-1352.7030900871819
-1351.976393093626
-1351.2498133734912
-1350.5233511076744
-1349.7970064769595
-1349.070779662019
-1348.3446708434137
-1347.6186802015911
-1346.8928079168882
-1346.167054169529
-1345.4414191396252
-1344.7159030071773
-1343.9905059520736
-1343.2652281540893
-1342.5400697928892
-1341.815031048025
-1341.0901120989365
-1340.3653131249516
-1339.6406343052863
-1338.916075819044
-1338.1916378452165
-1337.4673205626839
-1336.7431241502134
-1336.0190487864604
-1335.295094649969
-1334.5712619191704
-1333.847550772384
-1333.1239613878174
-1332.400493943566
-1331.6771486176126
-1330.9539255878292
-1330.2308250319743
-1329.5078471276959
-1328.7849920525282
-1328.0622599838948
-1327.339651099107
-1326.6171655753635
-1325.894803589751
-1325.1725653192448
-1324.4504509407077
-1323.7284606308901
-1323.0065945664317
-1322.284852923858
-1321.5632358795847
-1320.841743609914
-1320.120376291036
-1319.39913409903
-1318.6780172098627
-1317.9570257993876
-1317.2361600433474
-1316.515420117373
-1315.794806196982
-1315.0743184575808
-1314.353957074464
-1313.6337222228135
-1312.913614077699
-1312.1936328140796
-1311.4737786068001
-1310.7540516305953
-1310.0344520600866
-1309.3149800697845
-1308.595635834086
-1307.8764195272777
-1307.1573313235326
-1306.4383713969128
-1305.7195399213676
-1305.0008370707349
-1304.2822630187402
-1303.5638179389966
-1302.8455020050062
-1302.1273153901577
-1301.4092582677288
-1300.6913308108847
-1299.9735331926786
-1299.2558655860516
-1298.5383281638328
-1297.8209210987397
-1297.103644563377
-1296.3864987302377
-1295.6694837717025
-1294.9525998600407
-1294.235847167409
-1293.5192258658521
-1292.8027361273025
-1292.0863781235814
-1291.3701520263971
-1290.6540580073463
-1289.9380962379132
-1289.2222668894706
-1288.5065701332792
-1287.7910061404866
-1287.0755750821297
-1286.3602771291326
-1285.6451124523076
-1284.9300812223546
-1284.2151836098622
-1283.500419785306
-1282.78578991905
-1282.0712941813467
-1281.3569327423354
-1280.642705772044
-1279.9286134403887
-1279.214655917173
-1278.500833372089
-1277.7871459747155
-1277.0735938945206
-1276.36017730086
-1275.6468963629768
-1274.9337512500028
-1274.220742130957
-1273.5078691747472
-1272.795132550168
-1272.0825324259035
-1271.370068970524
-1270.657742352489
-1269.9455527401458
-1269.233500301729
-1268.5215852053618
-1267.8098076190547
-1267.098167710707
-1266.3866656481052
-1265.6753015989245
-1264.964075730727
-1264.2529882109636
-1263.5420392069727
-1262.8312288859813
-1262.1205574151033
-1261.4100249613412
-1260.6996316915856
-1259.9893777726143
-1259.2792633710944
-1258.5692886535794
-1257.8594537865115
-1257.1497589362207
-1256.4402042689255
-1255.7307899507314
-1255.0215161476326
-1254.3123830255106
-1253.6033907501358
-1252.8945394871653
-1252.185829402145
-1251.4772606605084
-1250.7688334275774
-1250.0605478685616
-1249.3524041485578
-1248.644402432552
-1247.936542885417
-1247.2288256719148
-1246.521250956694
-1245.813818904292
-1245.1065296791342
-1244.3993834455332
-1243.6923803676902
-1242.9855206096943
-1242.278804335522
-1241.5722317090383
-1240.8658028939963
-1240.1595180540362
-1239.4533773526869
-1238.747380953365
-1238.0415290193748
-1237.3358217139094
-1236.6302592000486
-1235.9248416407609
-1235.2195691989027
-1234.5144420372183
-1233.8094603183397
-1233.1046242047871
-1232.3999338589688
-1231.6953894431806
-1230.9909911196064
-1230.286739050318
-1229.5826333972757
-1228.8786743223263
-1228.174861987207
-1227.47119655354
-1226.7676781828375
-1226.0643070364995
-1225.3610832758127
-1224.6580070619527
-1223.9550785559832
-1223.2522979188552
-1222.549665311408
-1221.8471808943689
-1221.1448448283525
-1220.4426572738628
-1219.74061839129
-1219.038728340913
-1218.336987282899
-1217.6353953773028
-1216.933952784067
-1216.2326596630226
-1215.5315161738877
-1214.8305224762692
-1214.1296787296617
-1213.4289850934472
-1212.7284417268963
-1212.0280487891678
-1211.3278064393073
-1210.6277148362492
-1209.9277741388155
-1209.2279845057164
-1208.5283460955502
-1207.8288590668024
-1207.129523577847
-1206.4303397869458
-1205.7313078522486
-1205.032427931793
-1204.333700183505
-1203.6351247651978
-1202.9367018345727
-1202.2384315492197
-1201.5403140666158
-1200.8423495441264
-1200.1445381390047
-1199.4468800083919
-1198.7493753093172
-1198.0520241986976
-1197.3548268333382
-1196.6577833699318
-1195.960893965059
-1195.2641587751893
-1194.567577956679
-1193.8711516657727
-1193.174880058603
-1192.478763291191
-1191.7828015194443
-1191.0869948991597
-1190.3913435860218
-1189.6958477356027
-1189.0005075033623
-1188.3053230446494
-1187.6102945146993
-1186.9154220686369
-1186.2207058614736
-1185.526146048109
-1184.8317427833317
-1184.1374962218172
-1183.443406518129
-1182.7494738267185
-1182.0556983019258
-1181.3620800979782
-1180.6686193689911
-1179.9753162689676
-1179.2821709517996
-1178.5891835712657
-1177.8963542810334
-1177.2036832346578
-1176.5111705855818
-1175.8188164871365
-1175.1266210925407
-1174.4345845549014
-1173.7427070272129
-1173.0509886623583
-1172.359429613108
-1171.668030032121
-1170.976790071943
-1170.2857098850093
-1169.5947896236419
-1168.9040294400506
-1168.2134294863342
-1167.522989914479
-1166.8327108763588
-1166.1425925237352
-1165.4526350082588
-1164.7628384814673
-1164.073203094786
-1163.3837289995295
-1162.6944163468988
-1162.0052652879838
-1161.3162759737618
-1160.6274485550987
-1159.9387831827473
-1159.2502800073496
-1158.5619391794341
-1157.8737608494187
-1157.1857451676078
-1156.4978922841954
-1155.8102023492615
-1155.1226755127757
-1154.4353119245945
-1153.7481117344628
-1153.0610750920127
-1152.3742021467658
-1151.6874930481304
-1151.0009479454022
-1150.314593255869
-1149.6284821408633
-1148.9425359816198
-1148.256754925953
-1147.5713132950486
-1146.886157213912
-1146.2011680898372
-1145.5163460673798
-1144.831691290985
-1144.1472039049881
-1143.4628840536159
-1142.778731880984
-1142.0952369882218
-1141.4119164615151
-1140.7287663635313
-1140.0457868334227
-1139.3629780102353
-1138.6803400329081
-1137.9978730402725
-1137.3155771710524
-1136.6334525638658
-1135.9514993572222
-1135.2703931514418
-1134.58909791225
-1133.9079759127515
-1133.2267727309957
-1132.5463611400546
-1131.866124842851
-1131.1860639713584
-1130.5061786574477
-1129.8264690328854
-1129.1469352293334
-1128.4675773783513
-1127.7883956113933
-1127.10939005981
-1126.4306676949225
-1125.752143709745
-1125.0737968981914
-1124.3956856234481
-1123.71793452744
-1123.0405091949056
-1122.363263244392
-1121.6860331444466
-1121.0093142179362
-1120.3327757797833
-1119.6564236057322
-1118.980401079452
-1118.3045600777737
-1117.628900724057
-1116.9534231415628
-1116.2781274534507
-1115.6030137827793
-1114.9280822525077
-1114.2526258381063
-1113.5780695652902
-1112.9038484988716
-1112.2299909442095
-1111.5563175871282
-1110.8829118206884
-1110.209713589431
-1109.5367003544839
-1108.8638722346716
-1108.191229348721
-1107.51877181526
-1106.8464997528174
-1106.1744132798237
-1105.5025578716168
-1104.8310587347287
-1104.1597464172262
-1103.4886210356738
-1102.8176827065372
-1102.147942417853
-1101.4777002599333
-1100.8076467798458
-1100.137782091524
-1099.468106308804
-1098.7986195454248
-1098.129321915029
-1097.460213531162
-1096.790683182162
-1096.1220612288337
-1095.4536292926127
-1094.7853874859707
-1094.117196855128
-1093.449489093523
-1092.7819723973787
-1092.1146468778195
-1091.4475160460752
-1090.7808196161848
-1090.1143156456933
-1089.4480042438247
-1088.7818855197067
-1088.1159595823729
-1087.4502265407602
-1086.7847246116492
-1086.1199644885317
-1085.4550783332684
-1084.7903865137123
-1084.1258891367372
-1083.4615863091226
-1082.7974781375535
-1082.1335647286196
-1081.469846188816
-1080.8060510847376
-1080.1428351943223
-1079.4814373020101
-1078.818842245839
-1078.1564438407504
-1077.4942421907294
-1076.8322373996666
-1076.1704295713587
-1075.5088188095092
-1074.8456457942393
-1074.184522252608
-1073.523596444312
-1072.8629212464705
-1072.202514725317
-1071.5427206932852
-1070.8828263416956
-1070.223131091183
-1069.5636350428183
-1068.9043382975806
-1068.245240956355
-1067.586343119934
-1066.927644889017
-1066.2691463642102
-1065.6104875704373
-1064.952629897216
-1064.2949958138909
-1063.6375627714028
-1062.980330868536
-1062.3233002039824
-1061.6664708763421
-1061.0098429841219
-1060.3534166257361
-1059.697367230479
-1059.041591184901
-1058.3860178207794
-1057.7306472349358
-1057.0754795240994
-1056.4205147849082
-1055.7661961097467
-1055.1117930782705
-1054.4575938349342
-1053.803598475257
-1053.1498070946657
-1052.4962197884959
-1051.842836651991
-1051.1896577803036
-1050.5385795853424
-1049.8860279051623
-1049.2336814915016
-1048.5815404381237
-1047.9296048387007
-1047.2778747868138
-1046.6263503759526
-1045.9723234080363
-1045.3214171089962
-1044.670717438845
-1044.0202244897757
-1043.369938353891
-1042.7198591232022
-1042.0699868896302
-1041.4203217450047
-1040.770863781065
-1040.1216130894593
-1039.4730754405039
-1038.8244567460301
-1038.1760462989937
-1037.5278441897326
-1036.8798505084949
-1036.2320653454383
-1035.5844887906294
-1034.937120934045
-1034.2899618655713
-1033.643011675004
-1032.9962704520478
-1032.349670942088
-1031.70345368436
-1031.0574459992724
-1030.4116479757276
-1029.7662230125152
-1029.1210211120722
-1028.4760537942443
-1027.8311091331982
-1027.1866951467907
-1026.5424923967562
-1025.8985009700084
-1025.25472095337
-1024.6111524335756
-1023.9677954972684
-1023.324650231003
-1022.6817167212437
-1022.03931630491
-1021.3969755715532
-1020.7548473715826
-1020.1129317904413
-1019.4712289134822
-1018.8297388259688
-1018.1884616130757
-1017.5473973598873
-1016.9065461513991
-1016.2659080725165
-1015.6254832080556
-1014.9852716427431
-1014.3484331633205
-1013.7089062688344
-1013.0695936806226
-1012.4304954820847
-1011.7916117565309
-1011.152942587182
-1010.5144880571703
-1009.8762482495382
-1009.2347971105929
-1008.5970295843142
-1007.9594771795104
-1007.3220991850316
-1006.6851772473522
-1006.0484804620777
-1005.4120090254643
-1004.7759460771101
-1004.1400005377249
-1003.504353900155
-1002.8689241222071
-1002.2337112839541
-1001.5987154653811
-1000.9639367463851
-1000.329382102908
-999.6952095310032
-999.061254705128
-998.4275177038177
-997.79399860552
-997.1606974885951
-996.5275402755051
-995.8948451419437
-995.2625736039718
-994.630521375431
-993.9986885327236
-993.3670751521641
-992.7356813099804
-992.1045070823135
-991.473702181198
-990.8431392497237
-990.2127965573566
-989.5826013809868
-988.9528806066959
-988.3233808274426
-987.6941021173124
-987.0650445503039
-986.4362082003305
-985.807873928661
-985.1797728654847
-984.5518939055432
-983.9242371208188
-983.296802583208
-982.6695903645224
-982.0426005364886
-981.415833170748
-980.7892883388565
-980.162966112286
-979.5368665624218
-978.910989760565
-978.2853357779312
-977.6599046856513
-977.0346965547706
-976.4098495967281
-975.7858322647485
-975.1620579261356
-974.5385087272654
-973.915184735721
-973.2920860190013
-972.669212644522
-972.0465646796146
-971.4241421915277
-970.8019452474257
-970.1799739143897
-969.5619924247037
-968.9405041357797
-968.3192417644053
-967.6982053774144
-967.077395041557
-966.4568108234997
-965.832497310225
-965.2123332705968
-964.5923954420001
-963.9728382323873
-963.3537405345844
-962.7348700785285
-962.1162269283444
-961.4980762315349
-960.8802264130534
-960.2626049725839
-959.6452119729723
-959.0280474769827
-958.4111115472962
-957.7944042465122
-957.1779256371474
-956.5616757816372
-955.9456547423335
-955.3298625815073
-954.7142993613465
-954.098965143957
-953.4838599913626
-952.8689839655045
-952.2543371282425
-951.6399195413533
-951.0257312665318
-950.4117723653908
-949.7981822449962
-949.1853514332674
-948.5727516780684
-947.9603830381378
-947.3482455721339
-946.7363393386343
-946.1246643961349
-945.5132208030512
-944.9020086177175
-944.2910278983875
-943.6802787032336
-943.0697610903475
-942.4594751177397
-941.8494208433402
-941.2396666518922
-940.6302226871095
-940.0210109564478
-939.4120315171427
-938.8032844263482
-938.194769741138
-937.5864875185048
-936.9784575159886
-936.3710011167748
-935.7636201029966
-935.1564984761757
-934.549636466022
-933.9430078145843
-933.3366125773991
-932.7304508099224
-932.1245225675299
-931.5190216319801
-930.9137996863692
-930.3089309405547
-929.7042613037693
-929.0999479943961
-928.4958694791706
-927.8920258113395
-927.2884170440703
-926.6850432304511
-926.08190442349
-925.4790006761151
-924.8763320411758
-924.2738985714409
-923.6717003196006
-923.0697373382646
-922.468009679963
-921.8665173971469
-921.2655029418166
-920.664514796822
-920.064083340866
-919.4638882564889
-918.8639295947638
-918.2642074066846
-917.6647217431662
-917.0654726550437
-916.4664601930737
-915.8678344263215
-915.269467111988
-914.6713369023574
-914.0734438472178
-913.4757879962784
-912.8783693991687
-912.2811881054405
-911.684244164566
-911.0875376259387
-910.4910685388729
-909.8954740054469
-909.2998215072286
-908.7044073117545
-908.1092314670024
-907.5142940208707
-906.9195950211799
-906.325134515672
-905.7309125520104
-905.1366746204615
-904.5431114385306
-903.9497873534148
-903.3567024120783
-902.7702523322336
-902.1777840465775
-901.5855552355927
-900.9935659452933
-900.401816221615
-899.810306110416
-899.2116906033773
-898.6206851630756
-898.0299195881141
-897.4393939240975
-896.8491082165527
-896.2590625109283
-895.6693029855389
-895.0797885342113
-894.4905191303294
-893.9015499215981
-893.3128571635965
-892.7244049785924
-892.136220693522
-891.5483008671532
-890.960621838963
-890.3732143428507
-889.7860445865833
-889.1991445921699
-888.6127089895039
-888.0265149813941
-887.4409692263829
-886.8553383224881
-886.2699492826266
-885.6848021493074
-885.0998969649623
-884.515153963434
-883.9308168353954
-883.3467219649941
-882.76286939419
-882.1792591648659
-881.5958913188274
-881.0127658978022
-880.4300431550965
-879.8474802376838
-879.2651600353666
-878.6830825894168
-878.1008395053168
-877.5194269941244
-876.9382621887919
-876.3573406262353
-875.7766623467562
-875.196242276249
-874.6160661250701
-874.0361712276134
-873.4565249483339
-872.8771222282886
-872.2972559596681
-871.7183930338396
-871.1397988088149
-870.5616727883569
-869.9835627899388
-869.4060382726157
-868.8287583377372
-868.2517506176301
-867.675058952844
-867.0986423637714
-866.5224934029451
-865.9465894496283
-865.3709305408055
-864.7955167133853
-864.2209062484563
-863.6461223481535
-863.0715838605814
-862.4972908218866
-861.9232432681399
-861.3494412353365
-860.7758847593959
-860.2027164626797
-859.6298492982743
-859.0572280477343
-858.4848527458487
-857.9126612118558
-857.3408854838275
-856.7693560275471
-856.1980728773191
-855.627036067373
-855.05596954745
-854.4855490390387
-853.915375163821
-853.3454479553262
-852.7757674470096
-852.206333672251
-851.6372652720136
-851.0684348970891
-850.5011534284
-849.9330900667659
-849.3651757272656
-848.7977599155745
-848.2305919332117
-847.6636718114479
-847.0969995814789
-846.5305752744264
-845.9643989213381
-845.3984705531876
-844.8327902008749
-844.2673578952251
-843.7014551758571
-843.1367321184413
-842.5722931243505
-842.0081027042523
-841.4441608879312
-840.8804677050971
-840.3170231853873
-839.7538273583642
-839.1908802535175
-838.6279663346257
-838.0719889989828
-837.5099662362005
-836.9481925861351
-836.3866680774784
-835.8253927388489
-835.2588638575978
-834.6982751428851
-834.1379359038131
-833.5778495681262
-833.0181324457958
-832.4586651192062
-831.8994476154904
-831.3404799617084
-830.7817621848478
-830.2232943118233
-829.6650763694759
-829.1071083845743
-828.5493903838145
-827.9919223938191
-827.434704441138
-826.8777365522486
-826.321608752488
-825.7653889716605
-825.2095227614316
-824.6539072884435
-824.0986332291966
-823.5441479789191
-822.9895085220401
-822.433256409818
-821.8794244436777
-821.3258440846018
-820.7725153558517
-820.2194382806177
-819.666612882018
-819.1140391830994
-818.5617172068371
-818.0097580269
-817.4577241531516
-816.9058781327096
-816.3546193076917
-815.8036124246789
-815.2528575061365
-814.7023545744578
-814.1521289358847
-813.6021916976819
-813.0525066273259
-812.5047150607828
-811.9555874636122
-811.4067121937366
-810.8580892728853
-810.309718722716
-809.7616005648151
-809.2137348206973
-808.6661215118052
-808.1187606595105
-807.5716522851135
-807.0229666014734
-806.4763873768613
-805.9300828177415
-805.3840309102111
-804.8383601299146
-804.293168990148
-803.748230963257
-803.2035460687332
-802.6591671002926
-802.1150502289561
-801.571186659605
-801.0275764113638
-800.4851775264024
-799.9421306056632
-799.3998662610896
-798.8573840227942
-798.3151554061443
-797.7731804296932
-797.231459111922
-796.6904573886875
-796.1493363739509
-795.6084692079824
-795.067870987264
-794.5275973040817
-793.9875776487678
-793.4472533140964
-792.9080060372702
-792.3690174367241
-791.8302832668795
-791.2918035442946
-790.7535782854577
-790.2156895897054
-789.6780782235265
-789.1407215551271
-788.6036196005792
-788.0667723758858
-787.5301798969782
-786.9938421797186
-786.4577592398989
-785.92193109324
-785.386357755394
-784.8510392419413
-784.3159755683929
-783.7812403966418
-783.2467297512925
-782.7125970791568
-782.178826943725
-781.6456256795415
-781.1125045765871
-780.5796389555184
-780.047028830295
-511.16006251030296
-510.6279634183708
-510.09611986374574
-509.5645318601083
-509.03319942107026
-508.5021225601735
-507.9713012908895
-507.44120376555134
-506.91100735721295
-506.38150976068226
-505.8519026688051
-505.32255155074967
-504.79345641930684
-504.26477970092606
-503.73635958380976
-503.2081956623895
-502.6802879487041
-502.15263645472356
-501.62524119234854
-501.09810217340964
-500.571219409669
-500.0445929128195
-499.51822269448314
-498.9922746560497
-498.46651570888423
-497.94296370776624
-497.41788102363586
-496.8930550649122
-496.36821776128164
-495.8439633794937
-495.3200354381222
-494.79643904754823
-494.27309966500917
-493.75001730041555
-493.22719196361
-492.70462366436584
-492.18231241238675
-491.6602665689639
-491.13591512810325
-490.61424675200016
-490.09311537591486
-489.5720952424298
-489.0514919479538
-488.53126768513954
-488.0113156901577
-487.49162115062353
-486.9721840747723
-486.4530044707714
-485.93408234671807
-485.4154177106433
-484.89701057050775
-484.3788609342056
-483.8609688095611
-483.34333679466437
-482.826236617177
-482.3094261253325
-481.79287353427077
-481.2765788507739
-480.76059817446907
-480.24489642020757
-479.7295284817412
-479.2149233769833
-478.70012634615136
-478.18558753601394
-477.67138616355834
-477.157465935159
-476.64380400909204
-476.1304003907349
-475.6172550853982
-475.1043680983244
-474.5917795265303
-474.07948142819896
-473.5674417351063
-473.05566045203807
-472.5441375837133
-472.032873134783
-471.5218671098312
-471.0109204132797
-470.5006466288157
-469.99063148275644
-469.480892442744
-468.97157489885694
-468.4625243503994
-467.953746534711
-467.4452276290129
-466.9369676363417
-466.42898341566604
-465.9213702739009
-465.4139686136332
-464.90682598055156
-464.3989547130342
-463.89237129555664
-463.3860524444154
-462.88038230716626
-462.3750158691045
-461.8699089500953
-461.36506155114876
-460.86041763478937
-460.35615540991046
-459.86924803778646
-459.36501994011064
-458.86105098199914
-458.3573411651957
-457.8538904913778
-457.35069896215504
-456.8477665790713
-456.3450933436032
-455.84294139525923
-455.34111561051964
-454.8395491754494
-454.338242090232
-453.8371943549861
-453.3364059697625
-452.8358769345479
-452.33560724926156
-451.8355969137575
-451.33584592782336
-450.83635429118084
-450.3261562643684
-449.8276112325627
-449.32935506826476
-448.83145264647084
-448.33381023761325
-447.83642784000773
-447.3393054519028
-446.842443071482
-446.3458929337161
-445.84966820901934
-445.3537036330791
-444.8579992036249
-444.362566868613
-443.8675392224924
-443.37277180810923
-442.8780429074813
-442.3838797898041
-441.8899770219433
-441.3963346006253
-440.9029525225114
-440.41373583573454
-439.92066641949515
-439.42785697948165
-438.93530751220277
-438.44301801410296
-437.95098848156096
-437.4592189108906
-436.9677092983413
-436.4764596400957
-435.985469932273
-435.49474017092587
-435.00427035204297
-434.51406047154705
-434.02411052529584
-433.53442050908205
-433.04499041863323
-432.55582024961177
-432.0669099976146
-431.578441614141
-431.09045956774776
-430.6027376599375
-430.11527588488696
-429.6280742367075
-429.1411327094475
-428.6550131535742
-428.16952918410976
-427.6843064493332
-427.1993449416084
-426.71464465323555
-426.2302055764513
-425.7460277034293
-425.2674946998705
-424.7835509326721
-424.3001769497257
-423.81681774616334
-423.3337196065753
-422.85088252348874
-422.36830648936586
-421.8859914966058
-421.40393753754256
-420.92214460444615
-420.4406126895223
-419.95934178491285
-419.47833877882897
-418.9976756743416
-418.5172736581566
-418.03713272203345
-417.5577483152391
-417.0782844383295
-416.5990817265706
-416.11983536630777
-415.64139260626047
-415.1632112342182
-414.6852912407105
-414.2076326162042
-413.72793478459164
-413.2509144277254
-412.77415556630655
-412.297658190408
-411.8216209138504
-411.3459957237253
-410.8706322296702
-410.3955304206761
-409.92069028567124
-409.4461118135203
-408.97179499302547
-408.49773981292475
-408.0239462618933
-407.55041432854324
-407.0771440014236
-406.604199134517
-406.131537755735
-405.6591380478633
-405.1869999990778
-404.7151235974915
-404.24350883115386
-403.7721556880514
-403.30106415610715
-402.83023422318183
-402.3597742945789
-401.8895583301585
-401.4196040608196
-400.9499114741094
-400.4804805575109
-400.0113112984442
-399.5424036842666
-399.07375770227213
-398.6053733396912
-398.13738530533016
-397.6696702088199
-397.2022168596785
-396.7350252446851
-396.2680953505568
-395.8014271639467
-395.3350206714459
-394.8688758595812
-394.40299271481695
-393.9373712235549
-393.4720113721329
-393.0069131468262
-392.54207653384657
-392.0775015193429
-391.61319564657214
-391.14916585530364
-390.68539762476667
-390.2218909407917
-389.7586457891469
-389.2959179211957
-388.8335088996808
-388.3714169603398
-387.9095926797446
-387.44803003589203
-386.98672901323044
-386.5256895961461
-386.06680482432523
-385.6064188134649
-385.1462944792935
-384.6874943694279
-384.22678579296286
-383.76766210464507
-383.3090250865568
-382.8507003105534
-382.39267627019456
-381.93491434470866
-381.4774145168513
-381.02017676931524
-380.5632010847321
-380.10648744567135
-379.6500358346405
-379.19384623408575
-378.7379186263904
-378.2822529938768
-377.82684931880493
-377.3717075833736
-376.9168739809545
-376.46247928868115
-376.0083465691083
-375.55447580362323
-375.1008669735531
-374.6475200601628
-374.1944350446558
-373.74161190817506
-373.2890506318009
-372.8408107868966
-372.38852521993266
-371.9367652863811
-371.4867873008931
-371.0356519713579
-370.583781380906
-370.1331753906861
-369.68288840162523
-369.2290073753486
-368.7792954320933
-368.32984525835025
-367.8806271147132
-367.4320056839166
-366.98320991090054
-366.53467575909804
-366.0864032083915
-365.6385465803107
-365.19099082209493
-364.7437717395376
-364.2970633438134
-363.85061682071375
-363.4044321487993
-362.95850930657264
-362.5129444223719
-362.06771410834466
-361.6227457794475
-361.1781238686342
-360.7338551773902
-360.2898484370348
-359.8461036250561
-359.40262071888264
-358.9593996958823
-358.5174959482669
-358.0747367715682
-357.632302696937
-357.1901692396172
-356.74829761017463
-356.3066877855924
-355.8657032934141
-355.42469490712205
-354.9839483177573
-354.54346350193305
-354.10324043620216
-353.66327909705785
-353.22357946093217
-352.78419494404875
-352.3450907928534
-351.90625183830525
-351.4675388580707
-351.02947702532845
-350.59167696347015
-350.1541744978668
-349.71698016557235
-349.28083703313905
-348.8440487992882
-348.40752223323494
-347.9712573102177
-347.5352540054163
-347.09951229394903
-346.6640321508755
-346.2288564858809
-345.7941058134269
-345.35942828384856
-344.9251193112314
-344.4911485844222
-344.0575364934765
-343.62392540997826
-343.19096351577554
-342.75826328756824
-342.32582469915667
-341.8936477242827
-341.4618294590192
-341.0302027284398
-340.59894515868814
-340.16796778704736
-339.73726894542364
-339.30683159844415
-338.87665571902625
-338.4467412800284
-338.0175408911088
-337.5882903562407
-337.15876014884304
-336.73010520126365
-336.30171171479367
-335.87318727848213
-335.4452884019327
-335.01765085284507
-334.5902746031957
-334.16315962490347
-333.7363058898267
-333.3097816966604
-332.8835236878747
-332.45752692822623
-332.03179138929187
-331.6063170425885
-331.18110385957544
-330.7561518116519
-330.3314608701577
-329.9070310063751
-329.4830781361719
-329.05945893078416
-328.63610093562494
-328.2130904104642
-327.7904877771565
-327.368166005858
-326.9463448139711
-326.52462715322037
-326.1031706707859
-325.6819753362786
-325.2610411192493
-324.8403942572947
-324.4200085226449
-323.9998838458674
-323.5800201962644
-323.16041754307946
-322.7410758554984
-322.3219951026486
-321.90317525359893
-321.48461627735963
-321.06458795440847
-320.6465177722944
-320.2287964911575
-319.81135346534734
-319.3941712692382
-318.9769439066367
-318.5603898958177
-318.1441966396023
-317.7283053138584
-317.31267480171823
-316.89737924640394
-316.48237236444
-316.0677204294037
-315.6532783265645
-315.2390969663255
-314.8251763161046
-314.41151634326087
-313.9981170150961
-313.58497829885385
-313.17210016171936
-312.7594825708207
-312.3471254932275
-311.93502889595067
-311.52319274594447
-311.1116170101042
-310.7003016552676
-310.28924664821454
-309.8784519556661
-309.467917544286
-309.0576433806806
-308.647629431397
-308.237875662925
-307.82838204169644
-307.41926157891123
-307.0104410151427
-306.6015268736796
-306.193425086817
-305.7856505593397
-305.3779518597459
-304.9707510960037
-304.5638516840497
-304.15628819491434
-303.7501749849932
-303.3443703497604
-302.9388259006294
-302.5335416019466
-302.1285174180022
-301.72375331302874
-301.319249251202
-300.91500519664004
-300.51102111340384
-300.1295827335636
-299.7260909359099
-299.3228609527883
-298.9198907053871
-298.51718015742466
-298.11472927256136
-297.69073045881953
-297.288977805333
-296.887507734044
-296.4862973384061
-296.08534658154963
-295.6846554265472
-295.28422383641475
-294.88405177411227
-294.4841392025419
-294.0844860845492
-293.68509238292324
-293.285775322363
-292.8869779123699
-292.4884398963796
-292.0901612369113
-291.69214189642645
-291.294381837331
-290.89545553833597
-290.4983831253776
-290.10157580384987
-289.7051064990179
-289.30902873859577
-288.91321020985094
-288.5180909321189
-288.1228104394486
-287.7277890803872
-287.3330268161248
-286.9385236077935
-286.54427941646986
-286.1502942031736
-285.7565679288686
-285.3629628774014
-284.96972894625577
-284.5768224707234
-284.1842757507891
-283.7919270457085
-283.39996311160155
-283.0082579248419
-282.6168179827735
-282.22575726159175
-281.8348734240278
-281.44441409703694
-281.05421336855903
-280.6709184009554
-280.28133863808307
-279.89201743862895
-279.5029547618178
-279.1141505668194
-278.7256048127471
-278.3373174586582
-277.94928846355504
-277.5615177863829
-277.1740053860329
-276.77942277356027
-276.39242229595294
-276.0058198964796
-275.61956570593384
-275.2335810019665
-274.8478544245749
-274.46238593188116
-274.07717548195205
-273.69222303279884
-273.3075285423775
-272.92284768889215
-272.53870073216524
-272.15483225379626
-271.7712265127543
-271.3895859522375
-271.0066496896732
-270.6239711732625
-270.2415551770963
-269.85940118952794
-269.4775085447538
-269.095878929917
-268.7145068631824
-268.3333923014377
-267.95253520151437
-267.57193729755727
-267.1916204966512
-266.8115610507755
-266.4317589165198
-266.052203538056
-265.6729719813459
-265.2940996546901
-264.91456560080917
-264.536392048985
-264.15847567109716
-263.7808164228026
-263.4034430312274
-263.0264239088211
-262.6496619119139
-262.2731569958662
-261.89690911598456
-261.52091822751913
-261.14521691546844
-260.7702895707062
-260.39521251801517
-260.02039232773774
-259.645828954624
-259.2715223533704
-258.89747247861953
-258.523679284957
-258.1501427269159
-257.7768627589734
-257.4037595270409
-257.03103459545713
-256.6585661625548
-256.2863541825728
-255.9144685522092
-255.54290888861962
-255.1716553805787
-254.80065817217644
-254.42991721704533
-254.05943246876308
-253.68920388085255
-253.31923140678254
-252.94993059131247
-252.58056085552718
-252.2114522654207
-251.84268236007355
-251.47388453399762
-251.10571937604527
-250.73750750330439
-250.3698901456746
-250.00255686479807
-249.63549405965094
-249.26868701766128
-248.90220412981347
-248.5359814769933
-248.17001450790792
-247.80430317467264
-247.43884742934932
-247.07355867594876
-246.7087140918111
-246.34412500150782
-245.97979852920375
-245.61572799485455
-245.2519128143473
-244.88835293922014
-244.52506467969087
-244.16203674108604
-243.79926397615833
-243.43674633620608
-243.07448377247295
-242.7117638051298
-242.35020969126023
-241.98891727836826
-241.62789087986505
-241.26723560906737
-240.90677692980063
-240.5465730142996
-240.18662381290972
-239.82692927592316
-239.46668875693624
-239.10747568404722
-238.74854240813457
-238.38993097478453
-238.03176374326156
-237.6737454546853
-237.31599123488903
-236.9585272454014
-236.60133950299607
-236.2444079343616
-235.88774561000196
-235.5308231821896
-235.17475097127888
-234.81893293261365
-234.46341184080904
-234.10816158264853
-233.75351432309625
-233.39874109755573
-233.04422178380216
-232.6899907715232
-232.33616994546168
-231.98260332407943
-231.62930893240008
-231.2763092874468
-230.9243310391903
-230.57190848473692
-230.21973947018688
-229.8678239434401
-229.51619199722143
-229.16481401017634
-228.81368935866584
-228.46281799032727
-228.11219985274505
-227.76183489345084
-227.4117666951602
-227.06202288679336
-226.71258271826176
-226.3633955487332
-226.01446132522776
-225.66579906926933
-225.3174222396114
-224.96912863543605
-224.6213109897885
-224.27374608647892
-223.92643387210344
-223.57937429320603
-223.2325672962775
-222.8860128277561
-222.539126789978
-222.19313871346623
-221.84740305232978
-221.50081360092292
-221.1559994945198
-220.81143769198587
-220.46712813866952
-220.12307077986583
-219.77926556081815
-219.43571242671786
-219.09241132270404
-218.74936219386362
-218.4065649852322
-218.06401964179264
-217.72172610847582
-217.3797681071076
-217.03818462855205
-216.69682432349026
-216.3557253353456
-216.01487787385588
-215.67437887503138
-215.33523916091468
-214.9952823323093
-214.6555769065211
-214.31612282754924
-213.97682154603768
-213.6379462047906
-213.29932210467035
-212.9609491894159
-212.62282740271627
-212.28495668820688
-211.94733698947238
-211.6099682500458
-211.2728504134079
-210.93598342298878
-210.59936722216545
-210.26300175426528
-209.9268869625621
-209.591022790279
-209.25540918058738
-208.92004607660672
-208.58493342140503
-208.24927257574257
-207.9146873171262
-207.5803523631976
-207.24626765680756
-206.9124331407554
-206.5788487577876
-206.24551445060106
-205.91246099786065
-205.57971548035323
-205.24847854537262
-204.9165201986646
-204.58489927567425
-204.2533170236575
-203.92249724783352
-203.59155677117803
-203.26086585457506
-202.93042443958834
-202.6002495634975
-202.27046345667517
-201.9398664171335
-201.61060736626317
-201.28159759302181
-200.95283703844274
-200.63197957127775
-200.30250974583114
-199.9745471833148
-199.64683363394974
-199.3195275803283
-198.9925460968935
-198.66712438002486
-198.33473509556404
-198.00875074530603
-197.6828504348728
-197.3571987912329
-197.03179575432952
-196.7066412640561
-196.3817352602554
-196.0570776827198
-195.73266847119038
-195.40758627165715
-195.08385290506692
-194.76036779281753
-194.43712900472735
-194.11419171234337
-193.79220604455355
-193.4697123409945
-193.14746653549955
-192.82546856711457
-192.5037183748337
-192.18221589760225
-191.89016969951777
-191.56930537500327
-191.24868866238998
-190.9283195003539
-190.60819782751776
-190.28832358245714
-189.96869670369546
-189.64962891325237
-189.33114434893918
-189.0129072074585
-188.6949174263666
-188.3771749431705
-188.05967969532753
-187.7424316202437
-187.42543065527732
-187.1086767377353
-186.7921698048755
-186.47590979390498
-186.12688342658313
-185.8108231906041
-185.49500950796087
-185.1794423158951
-184.8641215515996
-184.5491378034188
-184.23482665707056
-183.92035652011842
-183.6061326292821
-183.29215492141154
-182.97842333330772
-182.66489774034218
-182.35170427820972
-182.03875678167375
-181.72605518730754
-181.41359943163278
-181.10138945112215
-180.78942518219958
-180.4777065612371
-180.16623352455838
-179.85500600843667
-179.54433225431083
-179.23376295276964
-178.9234389837815
-178.61336028317572
-178.3034322310451
-177.99347119512151
-177.68429541218072
-177.3753646738704
-177.06668777202256
-176.75833665866335
-176.4502551695679
-176.14242855393164
-175.8348466209285
-175.5275093054713
-175.22041654242318
-174.9145306263061
-174.60816611208418
-174.30204597093189
-173.9961701372026
-173.69054657783337
-173.38524314000225
-173.08018929643393
-172.77537948152167
-172.4708136292533
-172.16649167356664
-171.86241354835195
-171.55921871178063
-171.25570632691006
-170.95244867069997
-170.65049505217397
-170.3476806429692
-170.04513279966778
-169.74287261185353
-169.4408924413321
-169.13925581317372
-168.83788685782602
-168.53676101480633
-168.2359413329831
-167.93537789668795
-167.6350573615965
-167.3349796603946
-167.03514472572087
-166.7337035992532
-166.43435875759297
-166.135256485685
-165.83639671597234
-165.54007513218374
-165.24190181231452
-164.943985315684
-164.64631478347002
-164.34888639953755
-164.05170009573294
-163.75475580385537
-163.45805345565523
-163.16172143760068
-162.8656804228935
-162.56988124669041
-162.27432384040253
-161.97900813539488
-161.68393406298244
-161.38910155443358
-161.09453250699747
-160.8002137280542
-160.50613633440412
-160.21230025711213
-159.91886396503472
-159.6256710892676
-159.33271920456156
-159.0409097401991
-158.74846787854727
-158.45469910395937
-158.1627725013278
-157.87108659521886
-157.5796413159303
-157.28843989192484
-156.997521765969
-156.70765964172244
-156.41736606144858
-156.127435115705
-155.83774439334056
-155.54831495576002
-155.25914938288625
-154.97022381641693
-154.68153818573825
-154.39309242018754
-154.10488644905783
-153.81692020159284
-153.5290660094167
-153.2415561844576
-152.95428585556826
-152.66728924339287
-152.38074298247113
-152.0944566162175
-151.80778011496528
-151.5219939654807
-151.23644689707342
-150.95113883817731
-150.66620133636053
-150.38151684080972
-150.09708728111138
-149.81291463339025
-149.52898287667358
-149.2452935742184
-148.96184385160123
-148.67868176307738
-148.39584765944048
-148.1130037733328
-147.83071103187487
-147.54578707235237
-147.26433094380678
-146.98311282362044
-146.702132638596
-146.42139031549124
-146.1408857810169
-145.86061896183807
-145.58058978457538
-145.30079817580128
-145.02124406204373
-144.74192736978432
-144.46284802545955
-144.1840059554584
-143.9054010861253
-143.62703334375865
-143.34890265460965
-143.07100894488556
-142.79335214074607
-142.5159321683063
-142.23874895363417
-141.96180242275238
-141.68509250163777
-141.40861911622085
-141.1324342109405
-140.85645530242658
-140.58071272257854
-140.3052063971318
-140.02997047054953
-139.75502523764084
-139.48031617115973
-139.20589577727347
-138.9319387697256
-138.65802373973816
-138.38435388300033
-138.11091980351532
-137.83772142649278
-137.56475867709727
-137.29203148044715
-137.01953976161522
-136.74728344562766
-136.47526245746528
-136.20347672206373
-135.93192616431114
-135.66061070905113
-135.38953028108085
-135.1186848051518
-134.8480755924741
-134.57797596340976
-134.3081893795121
-134.03863732256042
-133.76931971657717
-133.5005345141366
-133.23174223924963
-132.96318423329828
-132.69486042010203
-132.42698511341493
-132.15938268436562
-131.89201411898597
-131.62487934053155
-131.3579782722122
-131.0913108371934
-130.82489764897502
-130.55746981797506
-130.29281371836177
-130.0271229163029
-129.762436611481
-129.49732576944027
-129.23244806089696
-128.96780340852774
-128.70339173496444
-128.43921296279413
-128.17528755065823
-127.91167479944858
-127.64829461677117
-127.38514692486939
-127.12223164594104
-126.85954870214057
-126.5970980155773
-126.33487950831628
-126.07289310237928
-125.81113871974242
-125.54961628233758
-125.28841754550184
-125.02737725912058
-124.76656869628025
-124.50599177872598
-124.2452035170456
-123.98515377314831
-123.72545020670607
-123.46620143984305
-123.20718398750643
-122.94839777075592
-122.69456729810662
-122.43636944258795
-122.17840248994086
-121.92067233196506
-121.66319695290038
-121.40571320431005
-121.14872815224412
-120.89201704515004
-120.63567212070828
-120.37956006208458
-120.12374877945706
-119.8682555647993
-119.61299237492285
-119.35795912961034
-119.10316797633865
-118.84863222026895
-118.59436473506689
-118.3370926264124
-118.08349737639841
-117.83013152955635
-117.57954983469261
-117.3266475692452
-117.0714179506423
-116.81897531803814
-116.56676168582099
-116.31458737015677
-116.06288610263053
-115.81143135601585
-115.56020545813628
-115.30920820586546
-115.0585046142533
-114.80795123221516
-114.55778818203346
-114.30773312307475
-114.05795981382323
-113.8084146202614
-113.55909746068693
-113.31000825335575
-113.0611469164805
-112.81251336823078
-112.56410752673517
-112.3159293100792
-112.06797863630509
-111.82032608844317
-111.57292726535
-111.32584519593279
-111.07910840151948
-110.8326610703743
-110.58644057749747
-110.34044684011373
-110.09457632487477
-109.84941165061062
-109.60430382034322
-109.35942233920447
-109.1148074076618
-108.87041950608767
-108.62625771688926
-108.38223102962156
-108.1385165308488
-107.89502790065949
-107.65173927346174
-107.40878686986655
-107.16606014485447
-106.9236779479601
-106.68126433955831
-106.43922369744861
-106.19866085750213
-105.95708345688158
-105.7157313190063
-105.47460435997671
-105.23370249585085
-104.99302564264671
-104.75257371633919
-104.5123466328627
-104.27295842791162
-104.03323635809264
-103.79376176385023
-103.55477760126045
-103.31603914076346
-103.07752478232537
-102.83923444110924
-102.60116803223896
-102.36332547079608
-102.12570667182258
-101.88831155031943
-101.6511400212457
-101.41419199952111
-101.17747140041483
-100.9410062294344
-100.70476432827604
-100.46901525376411
-100.23350830174215
-99.99822417524202
-99.76316278846096
-99.52832405555691
-99.29575847616769
-99.06150549570867
-98.82747498965938
-98.59081133961305
-98.35711074266746
-98.1237985393207
-97.89099059676448
-97.65846744773653
-97.42617700564466
-97.1941084030748
-96.96226155319111
-96.73063636911706
-96.49923276393675
-96.26806811458292
-96.03719427002757
-95.8065483300588
-95.57612368068216
-95.34592181478743
-95.11594719373761
-94.88619360547466
-94.65666096271644
-94.42734917814029
-94.19825816438464
-93.96938783404767
-93.7407724772594
-93.5124163707958
-93.28435202448466
-93.05646042267
-92.82878902071971
-92.60133773089666
-92.37410646542371
-92.14709513648484
-91.92031036473507
-91.69274427256849
-91.46641279648733
-91.24036689110403
-91.01463119922741
-90.78937207371719
-90.56458748732368
-90.34006592378462
-90.11576311288006
-89.89039392589707
-89.66653372891876
-89.44289206179161
-89.21946883535641
-88.99626396041806
-88.77327734774141
-88.55050890805386
-88.32793641585857
-88.10565407865634
-87.883756534321
-87.67923181841196
-87.4575885763059
-87.23616629342945
-87.01496190370992
-86.79398448500294
-86.57254162351066
-86.35225702949404
-86.13222639097576
-85.91241230228194
-85.69281467306125
-85.47343341292557
-85.25428297247878
-85.03536305675074
-84.81665922837402
-84.59817139677656
-84.37999710836098
-84.16210549954627
-83.94442966533616
-83.72696951488265
-83.50972495730151
-83.2926959016712
-83.07588225703314
-82.85928393239226
-82.64290083671663
-82.42673287893761
-82.21077996794949
-81.99504881569837
-81.77957429710915
-81.5643824836777
-81.34956149449782
-81.13495480158832
-80.90759662887943
-80.69360457636905
-80.47984048451926
-80.26712327954824
-80.05391575863794
-79.84092205941305
-79.62814208973083
-79.41557575741155
-79.20322297024074
-78.99108363596746
-78.77915766230436
-78.56747392507712
-78.35609548562184
-78.1449548003585
-77.93402705926495
-77.72345098891807
-77.5131108402547
-77.30308594672917
-77.09328715448338
-76.88375768544361
-76.67444993649306
-76.46535427164217
-76.25647059763153
-76.04785105801862
-75.83944989042682
-75.63126047043968
-75.42336363184802
-75.2152598609319
-75.00799021000765
-74.80093181558372
-74.59408458376885
-74.38813588850363
-74.18145203660406
-73.97562363783666
-73.7700058419269
-73.56471096343547
-73.35952835410508
-73.15455607484071
-72.94979403105495
-72.74524212812632
-72.54090027139918
-72.33676836618409
-72.13284631775832
-71.92913403136446
-71.72563141221204
-71.52233836547565
-71.31925479629682
-71.11638060978358
-70.91371571100899
-70.71131292885845
-70.50913844091887
-70.30849682179
-70.10861765730823
-69.90551975018741
-69.70436064722179
-69.50288789960999
-69.30211540851718
-69.10156809309125
-68.90122863387457
-68.70109693513997
-68.50118158194213
-68.30147972992877
-68.10198876273492
-67.90270515688765
-67.7036351738216
-67.50479111660108
-67.30615411083237
-67.1077240604707
-66.90972440487123
-66.71189212111105
-66.51426631746465
-66.31684689752478
-66.11963376485137
-65.9226268229729
-65.7258948909652
-65.52940324517782
-65.33311751123634
-65.13707508226415
-64.94124845389369
-64.74562737538339
-64.55021174989152
-64.35500148054444
-64.15959363537795
-63.965190893584165
-63.77101519983634
-63.577091257350055
-63.383436502831756
-63.189986188613574
-62.99679056335776
-62.803863513368185
-62.611245514280625
-62.41883151911292
-62.22662142988481
-62.03461514858296
-61.84297425995744
-61.65206046936079
-61.46135781875323
-61.27085857594735
-61.08071363004926
-60.890798569495324
-60.7011447395552
-60.511707561688034
-60.32247304497031
-60.13344109035097
-59.944611598747784
-59.75598447105149
-59.57250618954143
-59.38432385977381
-59.19735898607364
-59.00958512175758
-58.82201279680105
-58.63469308284018
-58.4476078896597
-58.259682811639735
-58.07301307874476
-57.886547498451314
-57.70028280593478
-57.514934290481264
-57.32936162374285
-57.143974828719394
-56.95881393675297
-56.77388678092603
-56.58948712064885
-56.4040125158315
-56.219939176096815
-56.03606528359698
-55.85239442681568
-55.66897737921705
-55.485759483085715
-55.30275831767754
-55.120058167259906
-54.93749350398523
-54.75515885050525
-54.573029665650566
-54.39119890979445
-54.20961211679526
-54.02822358245565
-53.84722869487107
-53.671427412274525
-53.490776208948574
-53.31032256682217
-53.130066384487556
-52.95000756051159
-52.77014599343413
-52.590799620905656
-52.41135699438909
-52.23180152981006
-52.05000174133107
-51.871505995751825
-51.692994765053506
-51.51497170085227
-51.337203530815664
-51.15988391253981
-50.98257515161787
-50.805546610883205
-50.628713621440575
-50.45223453328176
-50.27595433943323
-50.099911324482875
-49.924077301678714
-49.74850019192882
-49.573000045980095
-49.39578060147911
-49.22107946927496
-49.04661327558709
-48.87244809535099
-48.69847695893724
-48.524699763003504
-48.35111640418368
-48.17772677908884
-48.00603896693885
-47.83280447536078
-47.65896151165827
-47.48645550362859
-47.314182217829625
-47.142203804031716
-46.97047272218182
-46.7986140452663
-46.62740949713765
-46.456463209738956
-46.28579585542902
-46.115320325975304
-45.94503651706316
-45.77494432435697
-45.60504364349973
-45.43533437011158
-45.265878186433575
-45.096638194319794
-44.9275893256017
-44.75873147576256
-44.5901185280967
-44.42178792999196
-44.253639584562045
-44.08603107438912
-43.918319388654545
-43.75080452378234
-43.58347983058798
-43.416345204167534
-43.24946205810015
-43.08279011204909
-42.916307772703
-42.750038389924214
-42.58444408194837
-42.41915961655393
-42.254307202454655
-42.089738239850846
-41.9253675398163
-41.76118441136414
-41.59708671770711
-41.43334244905854
-41.26969369574403
-41.10623224944784
-40.94295800401131
-40.7798708532576
-40.61699699558015
-40.45431860746047
-40.29194317210023
-40.12966697411216
-39.96781660083495
-39.806398849020944
-39.64646730125812
-39.48543371975958
-39.32472996895504
-39.16423118961929
-39.00391752407886
-38.843788865336684
-38.683845106380524
-38.52408614018024
-38.36452697557048
-38.205163103727855
-38.04600782348774
-37.8870859182633
-37.728675102307925
-37.57044801647822
-37.41240455318429
-37.25454460482043
-37.10473259311635
-36.94735712911468
-36.79083707698225
-36.63449877764401
-36.47834212276386
-36.31629327907367
-36.158674224432325
-36.003368185209574
-35.84824300508318
-35.693298575334715
-35.538534787235314
-35.383628272185334
-35.2293673798074
-35.105088647777215
-34.95156211259519
-34.798215543035184
-34.645048830029324
-34.49206186449877
-34.33925453735469
-34.1866267394973
-34.034178361817496
-33.881909295194546
-33.7298194304998
-33.57790865859157
-33.394481227287095
-33.24336949497159
-33.092435812601586
-32.94168007044401
-32.79112686721515
-32.64076355104032
-32.490708848297366
-32.34083145943633
-32.191275751725534
-32.04183073587739
-31.895874609615653
-31.74691358850873
-31.5964311644251
-31.44775803892268
-31.301089153749867
-31.152833518018248
-31.00475395336142
-30.856850349656305
-30.709122596772854
-30.563226941667498
-30.416306807562243
-30.269667938064085
-30.123411960404134
-29.977283258473037
-29.831434104236077
-29.685759053723654
-29.540421756385594
-29.395254016997992
-29.250261111352593
-29.105626892798114
-28.961163703900528
-28.81740067268908
-28.673536737110467
-28.5293414895928
-28.386043289560128
-28.242917514421045
-28.09996405257727
-27.957097709949828
-27.814582437189063
-27.672238962290344
-27.53006717357994
-27.388166891270316
-27.246504769166698
-27.105218305151677
-26.964064289420143
-26.823074935373384
-26.686079740229527
-26.545801580917324
-26.405821568601766
-26.265974766277942
-26.12664911871543
-25.987552965540207
-25.84855445078411
-25.70637333565019
-25.568039203988622
-25.430611418145244
-25.29279425300518
-25.155144361444748
-25.0172308815415
-24.880250405858504
-24.739749177430525
-24.60322804141091
-24.466295882724225
-24.334286705537
-24.19853251963947
-24.062956360838143
-23.927689451552695
-23.792714019714623
-23.65845536519494
-23.523965184527217
-23.389744419130032
-23.255744171436877
-23.121973487485665
-22.99249055452971
-22.85940697493567
-22.722892591067126
-22.5912340246276
-22.459490300010422
-22.327907871985342
-22.196486625757068
-22.067980520344573
-21.936676746641986
-21.805535216655816
-21.674556939642176
-21.54338626977592
-21.412951629554154
-21.28286297848169
-21.14894684404321
-21.01943881112919
-20.890380472457736
-20.759272855960997
-20.630777817800176
-20.50275870019733
-20.37490516510373
-20.247208700968187
-20.11932443564362
-19.99196433923533
-19.865360726679906
-19.738617588313062
-19.612131385522197
-19.485754817349836
-19.3595705564369
-19.233542210063664
-19.107315675435586
-18.981734776426105
-18.855044694307725
-18.728227604470913
-18.60245553091308
-18.47684252154734
-18.351481399403884
-18.22753427023231
-18.114134388109438
-17.990023094632196
-17.86606603838224
-17.7422631038588
-17.618614175578113
-17.495119138076436
-17.369948493667646
-17.248252885051073
-17.126785761765902
-17.005539765642723
-16.884462684405502
-16.76392563665821
-16.643392217629355
-16.522932800089244
-16.40274133532611
-16.281856739655137
-16.163967803667532
-16.045046816424
-15.92595442476659
-15.807010641595815
-15.688250242163194
-15.569833211354679
-15.45178910234524
-15.334034618770936
-15.21643077742681
-15.09935442832997
-14.982613531184848
-14.865903800694738
-14.74958951396821
-14.633505848363274
-14.51773679256416
-14.40213354947162
-14.28708987669926
-14.172969532588963
-14.059878180332948
-13.946170721906704
-13.830496675484813
-13.716884307401953
-13.604469180710147
-13.490875322513283
-13.385653401411371
-13.273845259684604
-13.162175441266038
-13.042780675305519
-12.932225733654574
-12.82062994469097
-12.710286807836265
-12.599994020550279
-12.489279411877039
-12.378576053854077
-12.268775841267546
-12.159252641154685
-12.050620539875002
-11.941671191346366
-11.833077059118542
-11.725513256610837
-11.618351011822233
-11.510803929113782
-11.404069482309279
-11.29725175593188
-11.190059135245857
-11.083907114652684
-10.977990939248587
-10.872229571674485
-10.766323491228512
-10.661262301476672
-10.55672637155
-10.452242921062512
-10.348287249129033
-10.24546542993444
-10.141023294552229
-10.038794551811414
-9.932994072145316
-9.831394905989292
-9.728822330328404
-9.626563773293979
-9.525745069289114
-9.424435143667973
-9.32163812483102
-9.220515627115034
-9.120288901200517
-9.019975687499391
-8.919845956414006
-8.819443262398243
-8.71974211714696
-8.62033014142164
-8.521229563013883
-8.421976271092193
-8.323442544273334
-8.22521817990765
-8.127142611157614
-8.029136438453104
-7.932055515156128
-7.835479958885815
-7.742416137568653
-7.645972802970325
-7.546618456443073
-7.45131284661172
-7.3566021151770835
-7.262182542067487
-7.16855230442062
-7.076353480621008
-6.982498337661149
-6.88803185923351
-6.7946702245499475
-6.702012842610245
-6.612368536538211
-6.521091232802719
-6.430030808864627
-6.3393138300844
-6.249884331506444
-6.160400103355292
-6.071090132609941
-5.9818109053475785
-5.893113661120413
-5.805360755892471
-5.717770174898207
-5.629352549756178
-5.5432508783321826
-5.457934085089015
-5.370144601758104
-5.286732407463016
-5.201052445978159
-5.113562871278264
-5.028942652870202
-4.944602589740185
-4.86027382521471
-4.787768515174045
-4.703330632228404
-4.619062393018277
-4.5360215588472785
-4.448761266095796
-4.366525720700156
-4.285172135960776
-4.204438315459061
-4.122007498283172
-4.042176466577686
-3.9622360431426205
-3.8828345450761264
-3.8122326487596148
-3.7263435330658687
-3.6471974311405795
-3.5660047881209755
-3.492355082945898
-3.4142081825633066
-3.3373996939202772
-3.2611933406442404
-3.18485590368486
-3.1092731494738253
-3.0345810299317817
-2.961085020002676
-2.887985858898377
-2.829067651649937
-2.7567534508882092
-2.684511446841061
-2.6123415259346365
-2.5304775521759875
-2.461028447001474
-2.3896152698239312
-2.323852129494073
-2.255868279932067
-2.1902508274063
-2.123303338517202
-2.051541174517246
-1.990920652599074
-1.9264108630928676
-1.8623918264952954
-1.8002224958920852
-1.737420313326642
-1.6745772744717542
-1.6119179404086899
-1.5509962137853728
-1.490633064782247
-1.428529311241815
-1.3775773865839
-1.318722926486982
-1.2538664916527924
-1.1968943339467515
-1.157393017097842
-1.083233087888919
-1.026749268416781
-0.9715292174678761
-0.917392379733501
-0.8619415651401505
-0.8094957948541268
-0.7530742037780583
-0.7062313565879594
-0.6594027833624277
-0.6125883811521344
-0.5657880473006517
-0.5190016794451512
-0.4722291755164042
-0.4351689743511379
-0.3941094543610234
-0.3529497087234631
-0.31590766355046074
-0.27834267185325734
-0.2418868800746277
-0.1861941381152719
-0.16743518835841678
-0.1347383059808053
-0.10531529828254134
-0.07477860414842144
-0.046111801132094114
