935.0660161803384
934.6823094656099
934.2984430243248
933.914711994612
933.5309003379226
933.1470255012066
932.7630225019477
932.3790008447073
931.9951408642166
931.6105405377904
931.2263216002611
930.84201694503
930.4576205947858
930.0732295783854
929.6888447950769
929.3044642556814
928.9203423517142
928.5358822745608
928.1514359733908
927.7668295659231
927.3822136082335
926.9975545288069
926.6129306764826
926.2281588944011
925.840949198916
925.4588219385266
925.073988354946
924.6890679508655
924.304176498495
923.919257319601
923.5342411873872
923.1485441213213
922.763871540675
922.3788733576495
921.9940938067598
921.608953483248
921.223746619534
920.8381972948675
920.4527377192495
920.0672728071419
919.6818113672965
919.2963013529986
918.9108041323036
918.524918322181
918.1393312252347
917.7537516495366
917.3683533328525
916.9830324449445
916.5976167859133
916.2120425547081
915.8263259981496
915.4404960492404
915.054639736877
914.6687726460354
914.2828312839551
913.8969344334225
913.5108598019411
913.1245277155169
912.7383765021805
912.3522637051651
911.9661419244994
911.5800055092722
911.1937525135595
910.8073961969989
910.4205461241332
910.034071364805
909.6475674280639
909.2612525503298
908.8748121570571
908.4882501446583
908.1015267294887
907.711547453373
907.3248836751796
906.9389315099135
906.5516023773272
906.1647785989381
905.777968039247
905.3913828799815
905.0046101863114
904.6197142041043
904.2295026603805
903.8466089616509
903.496234109939
903.109143624366
902.7218493179482
902.3345523199813
901.9466642290414
901.5594884771806
901.0640960326623
900.6772845973514
900.2902382840464
899.9031793093584
899.5159361841862
899.1286890360471
898.7410519911299
898.3537089264595
898.0377183713505
897.5791966087847
897.2628657611369
896.8752508066289
896.4884807801623
896.1008169719465
895.7130886696765
895.325312706854
894.9374459037849
894.5496477931998
894.1616806473089
893.773810445205
893.3857706968398
892.9978339394513
892.61350884791
892.2213558480906
891.8332162596035
891.4453768815197
891.0576068271403
890.6693384146203
890.2810638560384
889.8953140657748
889.5067953164557
889.1183042656722
888.7298947737659
888.3378897661644
887.9495973800878
887.5611278671122
887.1726845697051
886.8018222887819
886.413832242168
886.0246317261272
885.6344800228485
885.2443523536177
884.854249074925
884.4641564019489
884.0734290786015
883.6650802544449
883.286996727831
882.898084697799
882.5081677813032
882.1191966374196
881.7306090412541
881.3428942661099
880.9542147269171
880.5647915442827
880.1746486958309
879.7855045499338
879.3963099874342
879.007153412299
878.6179837148671
878.2287137604703
877.8393750794106
877.4499806393625
877.0605433748735
876.671080919758
876.2815751460713
875.8920912571022
875.5024949372524
875.1129432317965
874.7233648910262
874.3339902370917
873.9442161855343
873.5542648491365
873.1645133447907
872.7743993765924
872.3847693805676
871.9948423725833
871.6055174471031
871.215560085725
870.8256504657766
870.4354799280051
870.0455616868478
869.6555274307102
869.2653963131523
868.8752830232968
868.4848831355756
868.0946847183035
867.704383678263
867.3145113538784
866.92362043938
866.5331652043083
866.142672853263
865.7521724431903
865.3616528648513
864.971092635628
864.5805220057723
864.1899480633285
863.7993804120368
863.4099034524364
863.019818982628
862.6297585980328
862.2396369908856
861.8494943971535
861.4597503106194
861.065475571613
860.6748323247792
860.2876657071835
859.8969545451652
859.5060641443243
859.1152432950269
858.7242573978585
858.3335860439224
857.9425435960596
857.5516608458021
857.1607034089612
856.7701767459567
856.3852025969562
855.9933473927232
855.601478838914
855.2083028199272
854.8169705511666
854.4246739501568
854.0335655882647
853.6424027767306
853.2505283416447
852.8593880122692
852.4631900051658
852.0717787652062
851.6804030919676
851.2888961634598
850.89753245112
850.5035457301672
850.1120801848249
849.7205873235769
849.3290598804346
848.9398298258366
848.547911311925
848.1561814005313
847.7643545062883
847.3726782948918
846.9808626333077
846.5893100946287
846.1976053377647
845.8058492505924
845.4141245897143
845.0212647785936
844.6294060067391
844.2484541933351
843.8580024648847
843.4647750709057
843.0724900487883
842.6805468021217
842.2892368111407
841.8977228784426
841.5058588109007
841.112181492223
840.7204689842482
840.3282552920747
839.9363029911535
839.5442726148265
839.152217286026
838.7600362305315
838.3675970775008
837.9754270839479
837.5833229991808
837.1912068002889
836.7990359361602
836.4060495400597
835.9620831411439
835.5698349066197
835.1779903836882
834.7856126578793
834.3931812238905
834.00078480931
833.6084234594597
833.2160972196621
832.8236815581532
832.4314340544718
832.0890319448923
831.6964960540988
831.3043075610026
830.9117674618744
830.5191242513522
830.126461457416
829.7337930063505
829.340947138036
828.9482228933391
828.5550121137323
828.1620438496996
827.7675293639066
827.3743115872094
826.9816661557661
826.590103781014
826.1989111154192
825.806668954486
825.4146485305124
825.0178163589891
824.6246545073566
824.2316947341216
823.8385717126407
823.445523567013
823.0524499077112
822.6592786703766
822.2659016836075
821.8731296249674
821.4792930071425
821.086228311804
820.6930758144076
820.3004035001715
819.9071978166306
819.513910611284
819.1204933510826
818.7271992473009
818.3339113695896
817.9408161237047
817.5471260719688
817.1534383283555
816.7598658804803
816.3663347300247
815.9728274039766
815.5797700607015
815.1861710906528
814.7926132919332
814.3959774299502
814.0024380072251
813.6089412102982
813.2154863586384
812.8220712423564
812.4286983634113
812.0349926492887
811.6410972054078
811.2472352786208
810.8534064731114
810.4628400735394
810.0689546951494
809.672474942071
809.2786413463693
808.8848514569028
808.4911065804304
808.1009835965189
807.7072984952274
807.3137170957493
806.9199838218817
806.5261918479696
806.1324436603554
805.7387393019467
805.345078815649
804.9515539047496
804.5580449780728
804.1645619817436
803.7708991991657
803.3772775684452
802.9836698203427
802.5901081419962
802.1964309602083
801.8029012803842
801.4089918330029
801.0153932813964
800.6217540163459
800.2282380432781
799.8347211906063
799.441126042394
799.0477188129951
798.6543158661233
798.2579279767397
797.8642307637369
797.4705551968876
797.0771934267445
796.6904705794008
796.2969632646389
795.903504485192
795.5100692426106
795.1166269146439
794.723232240323
794.3298853111686
793.936586221186
793.543335067091
793.1498375693737
792.7558093282871
792.3617879964593
791.9668698353864
791.572656982443
791.1784389977054
790.7842689294404
790.390151696124
789.9960598110181
789.6020284597863
789.2080567903308
788.8141512468467
788.4202970922286
788.0293441848439
787.6347259642552
787.2411768029576
786.8477002465158
786.4542937406363
786.0609551159267
785.6676475141331
785.27432258419
784.881008328149
784.4877571346269
784.0944913406042
783.7013411233884
783.3082377207401
782.9153841597379
782.5250691493393
782.1309728317063
781.7379070202817
781.34571873174
780.9523285812885
780.5589747541716
780.1656709955117
779.7724173474702
779.3791945807221
778.9859802611039
778.5928911285666
778.2001896951651
777.8071210057866
777.4141782121237
777.021297568991
776.6284099212094
776.2351955009527
775.8426794058964
775.4450223566455
775.0522543612568
774.6585930147851
774.2658541431028
773.8731418912389
773.480454111849
773.0878174134361
772.6949362673859
772.3019993808722
771.9093496627377
771.5167514139923
771.1242046754465
770.7316897995822
770.3393450716743
769.9467838390941
769.5542503030057
769.1612201944608
768.768670433433
768.3767205969203
767.9852038423558
767.5928103734678
767.20031101585
766.8078558896128
766.4192611892823
766.0269629163517
765.6340435773039
765.2422353004339
764.8499916446242
764.4576590316253
764.0659637676374
763.6747174295955
763.2830494399416
762.8909156311286
762.4988345344165
762.1068083232846
761.7148242697034
761.3228495475121
760.9295170614217
760.5376465121674
760.1444151993531
759.7525021748893
759.3605538104074
758.9686306239614
758.5766349963992
758.1846985263837
757.7928060435672
757.4008888063805
757.0089639140444
756.6170099174524
756.2251476591192
755.8333958184332
755.4416991114946
755.0488701103039
754.6256158109192
754.2341830817724
753.8425170123647
753.4508716688474
753.059200992126
752.6675438944492
752.2749709645628
751.8832329746743
751.4915510931584
751.0999011322905
750.7083006428378
750.3468681593708
749.9555020584964
749.5638735211177
749.1725250880536
748.7781251265621
748.386489625236
747.9949610099823
747.6034356179703
747.211961725193
746.8205449072111
746.4291851844774
746.0378812656598
745.6465624392532
745.2552258846839
744.863895340763
744.4726310382475
744.0813804501182
743.6902109249528
743.2989676682707
742.9084215906042
742.5171347078015
742.1259702650906
741.7348274710615
741.3435744444088
740.9525230499422
740.5618397579404
740.1691083439752
739.7783736768314
739.3877818944896
738.9969632757254
738.6063813494153
738.2158392887031
737.8253550191905
737.4349428940862
737.0445787639884
736.6542997606298
736.2600431996295
735.8632877771662
735.480850737234
735.0903261862645
734.6908012165213
734.308462350606
733.9179799002047
733.5273021144878
733.1367883545006
732.7463519743529
732.3547807396758
731.9642767590195
731.5737395128073
731.1831643465936
730.7926329156825
730.4021325130082
730.0116081299215
729.6211016832086
729.2306536391951
728.8402668849432
728.4498044481882
728.0594901088641
727.6699954275682
727.279944998394
726.8895508824319
726.4992776024554
726.1090145018936
725.7188145194299
725.3271089780403
724.9398368843958
724.5493685738792
724.158439816927
723.7686944412809
723.3783950177717
722.988161300974
722.5979927046598
722.207888819578
721.8178493548502
721.4278641659876
721.0378661345949
720.6479321872912
720.2580448752893
719.8681913937114
719.4796333016059
719.0899952605699
718.700832459058
718.3116941191819
717.9221092126174
717.5326446265051
717.143175145697
716.7536773933696
716.3642509386123
715.9748276352947
715.5854048385478
715.1959634719749
714.8069139705588
714.417558816096
714.02826822192
713.6390422637572
713.2491853289323
712.8606316216748
712.4716328248743
712.0826951709661
711.6937746619265
711.3048893039562
710.9161079079358
710.5273137260376
710.138617569483
709.7499303463477
709.3612173885033
708.9725126812122
708.5838802151507
708.1953273190917
707.8067548517745
707.418284933962
707.0298302581754
706.6414235097944
706.2530369108624
705.8647152201941
705.4762479590961
705.087095187189
704.6988485341639
704.3106465166969
703.9225389927684
703.534451815027
703.1464136712925
702.7584525642045
702.3706056947385
701.9827478160479
701.5949720625011
701.2069977940386
700.8190150694135
700.431087587415
700.0432287391559
699.656143761093
699.2683537982117
698.8816589485633
698.4938652220441
698.1063417493629
697.718648165736
697.3309576268609
696.9431607593749
696.5553910309033
696.1676834340594
695.7801210987806
695.3925227976263
695.0049856496247
694.6174726631475
694.229994582181
693.8425758281993
693.455215596443
693.0679129765704
692.6834988327477
692.2964036254377
691.9093724182633
691.5223651065976
691.135396377872
690.7484922632598
690.3616481021015
689.9748663674211
689.5881495390084
689.2020264998866
688.81539488241
688.4288285401677
688.0428356070245
687.6563166527193
687.2699287187705
686.8836286164583
686.4975753009429
686.1112779334751
685.7250020915102
685.3388055188593
684.941080743678
684.553181253743
684.1650201427335
683.7762492723541
683.4095310451665
683.0236962276423
682.6378975690308
682.2512440407044
681.8655231775584
681.479872882723
681.0951127221497
680.7094970683937
680.323952243865
679.9383687728364
679.5527999853855
679.1673023781648
678.7818416920018
678.3964249888242
678.011046512938
677.6257240837666
677.2408271707448
676.8555941958434
676.4704328927278
676.1088756143467
675.6997371342366
675.3147035687464
674.9297245550176
674.5448175534578
674.1599825995701
673.7877962813608
673.4022686822582
673.0168956902849
672.6316836184569
672.2466088525392
671.8649267692233
671.4781501399004
671.0932565229557
670.708474725274
670.3237250239017
669.9390712748968
669.5545180597773
669.1700620121329
668.7857003019102
668.4014305337089
668.0172506673765
667.6302543329566
667.2487289085266
666.863799534896
666.4798411697805
666.09592229626
665.7120761975646
665.3283130103348
664.9442889443453
664.5605666921012
664.1771665001006
663.7935380716258
663.4099324388746
663.0257251029777
662.6425828941291
662.2591303611775
661.8757572854716
661.4924078275741
661.109112802392
660.7258580246565
660.3426372559467
659.9594913468192
659.576420332064
659.1932687607103
658.8107084550307
658.4278321565918
658.0448958798718
657.6614811388198
657.2784686250421
656.8931242905803
656.5102777818091
656.1275083342474
655.7448159513247
655.3622006373971
654.9796623977132
654.5968012557049
654.2143617176567
653.832341372729
653.4501520849855
653.067417428198
652.6853087151186
652.3032748062845
651.9215753623181
651.5396657688722
651.157701088163
650.7758107382047
650.3938696064882
650.0120138799278
649.6302350059498
649.2485330187915
648.8671607109284
648.4856278206687
648.1041719045462
647.7182622669833
647.3370013417855
646.9558174839802
646.5747107277426
646.1936811072483
645.8124022283127
645.4308296672368
645.0540830389547
644.6729070509808
644.2918095173206
643.910790478125
643.5298331208846
643.148950114528
642.768145613172
642.3872855734481
642.0064980269034
641.6257895416824
641.2450345347881
640.864438012283
640.4839045071659
640.1033888878858
639.7213056279543
639.3408516107704
638.960448287376
638.580287116102
638.1999988045549
637.8216761270475
637.441198809723
637.0608020033543
636.6804864542686
636.3002746451119
635.920110488378
635.5397839567239
635.159514430733
634.7793026133631
634.3991744142758
634.019130018235
633.6391652820283
633.2592792818002
632.8794770398856
632.4995143783037
632.119835716157
631.7402351550921
631.3606926365409
630.9563388141584
630.5766642949709
630.1970711160301
629.8175576234636
629.4381140716374
629.0587519790149
628.7058866086763
628.326941949081
627.9480785196082
627.5710249450921
627.192312204305
626.8137800285442
626.4352949860529
626.0572879037123
625.678912009519
625.3007945642015
624.9227256314579
624.5443719675653
624.1660786579137
623.7879817977494
623.409941000238
623.0319300904246
622.6540124354522
622.276038845282
621.8980932061658
621.5203071075628
621.1423657499197
620.7645929399226
620.3868780156159
620.0091916481059
619.6317028603863
619.2542168896705
618.8767929456737
618.4994417538213
618.1221774094076
617.7449889673088
617.3678855290851
616.9908676278914
616.6142715204722
616.2370277068746
615.8601255920975
615.483297616611
615.1065760211022
614.7301508409499
614.3535280807114
613.9769931228295
613.6005091965723
613.225100228382
612.8488481410595
612.4729947820896
612.0975871316426
611.7185457924934
611.3437287259951
610.9679659139855
610.5920396002133
610.2161603423461
609.8403558987784
609.4646206218908
609.0889667519152
608.7133953084816
608.3379069037865
607.962427757306
607.586917691184
607.1992001121786
606.8333727727743
606.4587175879984
606.0834312153909
605.7082532760442
605.3329862990737
604.9578802945407
604.5828579511963
604.2079194735353
603.8330252016755
603.4582226100646
603.0833865651045
602.7087036209705
602.3341045279151
601.9595871166138
601.5851540258592
601.2108030916276
600.8365359172649
600.4623480602984
600.0882454784248
599.7142621165054
599.3402934454737
598.9664003812655
598.5925430757027
598.2188203154286
597.8450152112769
597.4712860695379
597.0975961861337
596.7239606041001
596.3504068833038
595.9768222997379
595.6033258189667
595.2299083328496
594.8564758040986
594.4825080028453
594.1091267058218
593.7358277048378
593.3616346943337
592.9884863737435
592.6153608223527
592.2423658006734
591.8694533960072
591.4966264901072
591.1238867621073
590.7512342772708
590.3786690981534
590.0061912848695
589.6333574282646
589.2609593676443
588.8885985677529
588.516359339911
588.1442082027844
587.7743671314665
587.4022263531566
587.030174032201
586.6582102018051
586.2863953562878
585.9145519282173
585.5426900730041
585.1709088485709
584.7992168025727
584.4276139795635
584.0559024819254
583.6844600067585
583.313152045245
582.9419213288342
582.5706870596014
582.1995349659621
581.8284704922681
581.4572931440182
581.0862670569164
580.715331165204
580.3444840897678
579.9737423200212
579.6030900259516
579.2324615499306
578.8619456999766
578.4915196184436
578.1211825253181
577.7507896590274
577.3803874459865
577.009978347553
576.6396597256794
576.2694316485675
575.899289773506
575.529237565629
575.1592669186563
574.7897626993494
574.4199568957321
574.0494753141653
573.6827630340251
573.3129763986582
478.47297678469727
478.10336937945067
477.733806511318
477.36437641287193
476.99503845176946
476.6257925774917
476.2565587842995
475.8873168295855
475.51813431673577
475.1490462848767
474.7800514592485
474.41113037044585
474.0594024279289
473.6902476935653
473.32118578666365
472.952216737012
472.5833405743978
472.2145573286089
471.830785508052
471.462492569067
471.09428315767383
470.72616465021343
470.35855337404314
469.99083661354183
469.6229850968953
469.25520251375264
468.88758301795417
468.5198597010226
468.152251578222
467.78454940618815
467.41713685006283
467.049644634178
466.6821785038308
466.3147324029758
465.94731493278186
465.5799788176791
465.21266711443315
464.8454324717772
464.4780172725484
464.111004187811
463.744100038895
463.3772861902191
463.01066820982714
462.6431394951765
462.2768709592768
461.9101747531555
461.54374618132147
461.17738632677055
460.811200804928
460.44481426735877
460.07803218635826
459.7117799738456
459.34566134023225
458.9794321752969
458.61332782511636
458.24737546818704
457.8814343765136
457.5156448707245
457.1499452645289
456.78428824888164
456.4186313030635
456.05292442386894
455.68744560632274
455.32206176517343
454.95691828868814
454.59129038594943
454.2268389419055
453.86170557165116
453.4966552082554
453.1315525424729
452.7664360056703
452.4018139312105
452.03728320810336
451.67284372121827
451.3084953490578
450.94405607813036
450.5796247715467
450.21522662923053
449.8511943798318
449.487206830636
449.1231232643433
448.7590043443524
448.3948418566416
448.03033876398666
447.6657788826501
447.30115281108147
446.93641062561227
446.5724509041005
446.20787910064547
445.84317131954583
445.4782544318008
445.11283330929
444.7510095752895
444.3883778795184
444.0273196652078
443.663444712946
443.3014830419699
442.93960141162586
442.5753306047019
442.21496969891706
441.855152274347
441.4938938813889
441.13265625583995
440.7655231552743
440.4105183867198
440.0496049585962
439.6889067768221
439.3281180155845
438.9671124469935
438.60604697215575
438.2449960921765
437.89624157114014
437.5347589298514
437.17337492239324
436.8120895771494
436.45087047013766
436.089671609399
435.7285538585079
435.36746465853327
435.00649701077526
434.645628516687
434.2843089917154
433.923655768385
433.5630307844409
433.20254025518
432.83494024246784
432.4745823213263
432.1204818248015
431.7506609859499
431.3899823653722
431.0303439108225
430.6708106607632
430.31129651359316
429.9516601978718
429.5920996500659
429.23261813381725
428.87320336141164
428.51382547941176
428.1545358523313
427.7953356629369
427.43622294578654
427.07719943151955
426.71815223984515
426.35931153628934
426.0005592638122
425.64196244665106
425.28322336753604
424.9245734559469
424.56592412030835
424.2073524951852
423.84889346403963
423.4901145153025
423.1317034141238
422.77333996430946
422.4150786060628
422.0569180965062
421.69884882837425
421.340873174107
420.9826792199255
420.624930853472
420.2671869770167
419.91095165158424
419.55339581989017
419.19594194673687
418.8385900577747
418.4813303869902
418.1240702151553
417.76684672963677
417.40972566327133
417.0527046522298
416.69578460988566
416.33921650432495
415.98243513183246
415.6256821003967
415.26911395465714
414.9125837046127
414.55615399154726
414.1998141826707
413.84356719132285
413.48741326499635
413.1330281965278
412.7768904575589
412.4208281271406
412.06486919368905
411.70972509148794
411.35377521688383
410.9978859782026
410.6419770664228
410.28617236763114
409.93047190837694
409.57485357936815
409.21931844630177
408.86388771066834
408.50856139897365
408.1532923484319
407.79825957051594
407.443329923424
407.0883875340119
406.73348526418835
406.37867887681364
406.0239771323772
405.6693800548618
405.31488766820036
404.9604744771428
404.6061141220621
404.25184092720974
403.8975945224835
403.5433912457162
403.18922587667936
402.8350687442927
402.48085575261445
402.12652834699713
401.7718203016293
401.416031350676
401.0553177603028
400.7166125903347
400.37502131000366
400.0163694691518
399.66125052171014
399.307221409968
398.95369404130236
398.6004579037574
398.2474360836271
397.8945304663633
397.5417611094268
397.1891220784811
396.83691507705333
396.484412209929
396.1319956972341
395.77967909474205
395.4274568224615
395.0753558842577
394.72337373006974
394.37156908279604
394.0198380327214
393.668203968973
393.31667928777216
392.9652583567384
392.61393050366456
392.2627115139995
391.9115881527084
391.5605749501474
391.209671782417
390.8588783357531
390.5080321827013
390.1571235773288
389.8063173359206
389.45561046167666
389.10502161133275
388.75455127619017
388.4042086949669
388.05399183630465
387.7034241386018
387.3534028450106
387.00440897292947
386.65463158834996
386.3049622233197
385.9554010715296
385.6059534962976
385.2547905386524
384.90589158797377
384.5566189415461
384.20744835851343
383.85832261684124
383.50920003843004
383.1600879394419
382.81107844331666
382.46217810117645
382.1129753675073
381.76455571836914
381.41578847108497
381.06666426599537
380.71806451658205
380.36946088539304
380.02093953801926
379.6725308247013
379.3243831774941
378.97613311767594
378.62806165966464
378.280102321462
377.9322091153989
377.5845518102465
377.23688778320263
376.8885450288864
376.54092038445634
376.1933786818391
375.8459365594531
375.4986010656624
375.1513767893497
374.8042637808302
374.4572620921545
374.1103717772574
373.7635928921211
373.41692549495633
373.07036964640247
372.7239254097507
372.37758917661324
372.0313482886852
371.6870218390401
371.34134332331513
370.9957752818933
370.6503177393235
370.30497072015464
369.95973424893583
369.61100688340616
369.26559448240357
368.92029366474037
368.5751044824139
368.2300081090596
367.88215823285515
367.53705349566087
367.19206060122
366.8467776392537
366.50193170813816
366.1567554000843
365.8131130805336
365.4685438303516
365.1240868012917
364.7796996891055
364.4353897638023
364.0948445447886
363.75077547919796
363.40685033247155
363.0630807744023
362.7194851038575
362.3748927755544
362.0313005135052
361.6897034788874
361.3495346591139
360.9876378405932
360.66582411802864
360.3083425181923
359.9665773700685
359.6238643925685
359.28107385627084
358.93828917503964
358.5955751883231
358.2526863048943
357.91008305481154
357.5674983092691
357.2250315815628
356.88265197157125
356.5403836115797
356.1982266669746
355.85618129397164
355.51420268711456
355.17314376050496
354.83120881821503
354.48944037807524
354.1477269650876
353.80612824683556
353.4646442464455
353.1232749870436
352.7820204917558
352.44053196704573
352.0994642565309
351.75859004892766
351.41768324702923
351.0768168989996
350.7351965589988
350.3945109943761
350.0539254867647
349.71440598920344
349.37400376218415
349.03366336759393
348.6934509749333
348.3516977416773
348.01161102964824
347.67161230847415
347.3318508786926
346.9914914111692
346.65287475590804
346.3138099218887
345.9744049008221
345.63510877861404
345.29602645208075
344.9568984013744
344.61811442031177
344.27908305661884
343.9400939094437
343.6012215764781
343.2624660800782
342.9236733535397
342.58500289980907
342.2464496460852
341.9080136145539
341.5696948274006
341.2314933068113
340.8934090749714
340.5554421540668
340.2189104478346
339.8806750885229
339.5431262050052
339.20569054484
338.8683740164508
338.5311764624602
338.1940594784973
337.8569905567076
337.5200337012066
337.1830273357145
336.8461176168878
336.50934978026345
336.17261029616503
335.83597097565314
335.49945186139945
335.1630277501727
334.8264723391149
334.4900152037649
334.1536767358248
333.81745203745845
333.4813306245926
333.1451389075424
332.80919348181453
332.47325656396276
332.1374354435218
331.8017215948331
331.46612840996573
331.1306557123174
330.7953033682294
330.4600276919449
330.12485401572303
329.78980076703624
329.4548463959904
329.1199990095421
328.78515542589116
328.45049396014707
328.11593552834296
327.78149750244097
327.446694955122
327.11222188079563
326.77792478696404
326.4438129260059
326.10986283373506
325.7759774865334
325.44206963632996
325.10828276106827
324.7719988114021
324.438393816888
324.1048984965526
323.7715243034781
323.43827125831274
323.1056592077738
322.8120854924083
322.4786488621191
322.1453343187006
321.70324125833025
321.370823575145
321.03852709090535
320.7063518262849
320.37429780195686
320.0423650385948
319.7105535568722
319.3788633774624
319.11763190346943
318.7859213162332
318.4540571021358
318.1235208489868
317.7919691810716
317.4604854817943
317.1290077121069
316.79765727813646
316.46641874579154
316.13531469546245
315.8042386308047
315.47326784885485
315.142394705237
314.81163629014014
314.48100191103083
314.15045070493994
313.8200138357112
313.48967699384787
313.159728224897
312.82954980907806
312.4994999709394
312.16969002011973
311.83983497121983
311.51010297001733
311.1804960982924
310.85096311004173
310.52152715215703
310.19221526442044
309.8630270546925
309.533944683251
309.2047549347843
308.87585159907485
308.5469322681725
308.21731756641236
307.88874341253006
307.56022570438085
307.2317229598911
306.9029614175241
306.5739071142316
306.2456570965092
305.91753212342735
305.58953221224886
305.2616573804556
304.93427842917396
304.6066197914075
304.2789904898057
303.9514470952346
303.62402932226746
303.29673719298864
302.9695707295975
302.64252995441234
302.31561488987893
301.9891327105301
301.66240812818637
301.336049841328
301.0040761402769
300.6775524763061
300.3510343001059
300.02445277680573
299.69797461294684
299.3716233362768
299.0453989652688
298.7193015183961
298.393331014132
298.0674021467337
297.7417235369978
297.41605498790454
297.0992943738859
296.7740225530451
296.4488242918113
296.12368295072207
295.7986644008011
295.47375822577453
295.1489731379064
294.8242870000133
294.49971430372824
294.12460421182016
293.800230827684
293.4759853214587
293.1518677108757
292.8278780136658
292.50401624755995
292.1802824302892
291.9064725455614
291.5827870222232
291.25920073897726
290.9355543418076
290.6121961044009
290.2890559948208
289.9686589868492
289.64178403997323
289.31909938219303
288.996351814808
288.67383536480475
288.3512734281463
288.0287660615349
287.7063540397296
287.38402422288584
287.06168632837665
286.73949776042923
286.41732347486214
286.0952680778788
285.77345696318037
285.4508223184705
285.1290618341642
284.8074313767683
284.4859234378464
284.1645426006774
283.844101698048
283.5233163147011
283.20271120223356
282.8817166315413
282.5608187668621
282.2400167959343
281.91929269339005
281.5980585995842
281.27759293230366
280.95725807199454
280.6369411851152
280.31674069738864
279.99666019109776
279.6766788228084
279.3568255953876
279.03716861556927
278.71754435070534
278.3980514924446
278.07869005716395
277.7595384267097
277.4404209818507
277.1213656967182
276.8024292747463
276.483624561796
276.1648639764445
275.8461959661025
275.52709852018995
275.2085263560397
274.89008669855906
274.57177956351563
274.25360496667685
273.93555610726503
273.6175716655088
273.29971831992617
272.98191932610564
272.66422759179926
272.3466688851152
272.02985646788585
271.7124824841825
271.3952376478081
271.07801059954295
270.76091710781503
270.44392101217005
270.12705796483596
269.81032860054603
269.49358479454816
269.17709728915673
268.85977963016575
268.5434368460539
268.2269672768532
267.91081673974173
267.5947746306245
267.2788246812331
266.96296129257
266.64723249711597
266.33163830971216
266.0161768781871
265.70167585963816
265.38939853127835
265.0743819894907
264.75950854893483
264.44517880362145
264.1304733676981
263.8159204128448
263.50150317952864
263.1872546936137
262.8731910668287
262.55927749974927
262.2406213323363
261.92647465741015
261.6124019659643
261.2985573965829
260.955691658964
260.6424303427784
260.3289283851894
260.01556258118893
259.7023329446658
259.3892394895087
259.1032893026666
258.79011390395874
258.4770753427597
258.1641576331665
257.8513763039893
257.53873184010854
257.2262184777126
256.91384140118174
256.6016009808884
256.2894129663721
255.97737636830132
255.66546365705253
255.35413840556242
255.04237759686086
254.73052645308672
254.41891264206976
254.10740593463962
253.79605849095674
253.48477014859392
253.17351775059382
252.862586471905
252.55166904222912
252.23994533379332
251.92926381864186
251.61872073374767
251.30828502038713
250.99790665664756
250.68764678760286
250.37752570967464
250.06833509604292
249.75806539995986
249.44830112060862
249.13858493034607
248.82900796315596
248.51951999933115
248.21060817088798
247.9013594490693
247.59225500825855
247.2832867830014
246.9744141094573
246.66567909453613
246.35739122489966
246.04876615744323
245.74069371387472
245.43216508885854
245.12368572265615
244.81533282792495
244.50640884764812
244.19840277580667
243.89052263698767
243.58277975181304
243.27516148571982
242.96765402434795
242.66021673872066
242.35307224682356
242.04624243703162
241.73915455069795
241.4318745766585
241.12493988273917
240.8182367923913
240.511588341967
240.20502611574756
239.89859973985594
239.59190761546228
239.28566881149598
238.97956634635244
238.67360189746233
238.3677070076424
238.06187151547746
237.75613841131099
237.4506471242464
237.14522724210482
236.83975210403997
236.53439772568385
236.2291798194193
235.92409025568273
235.61994708900923
235.31506261526266
235.01029709693995
234.70557397080466
234.40107652912747
234.0962752648946
233.79203170733498
233.48791626523007
233.18389660363522
232.87608414596616
232.57219266959865
232.2684454169628
231.96484239804778
231.66235120264525
231.35886541657186
231.05551720118393
230.7522617159289
230.4491243000183
230.14610865591575
229.84356089710485
229.54077705099843
229.23813839482608
228.93564493797962
228.633267504156
228.33468448843607
228.03250332542746
227.73046121725855
227.42849925193505
227.1266577788012
226.82496217363706
226.52341245091662
226.22200862592535
225.92071174551742
225.6194797824413
225.31830194716807
225.01729436523394
224.71643280177207
224.4156343059345
224.11462220093583
223.81414792893844
223.5135404288578
223.2130802127155
222.9128960783716
222.61263281480845
222.31249297821637
222.01230543890958
221.71238893507652
221.41260775962698
221.11297441738552
220.81289515474774
220.5134220842301
220.21408707350267
219.914900330955
219.6157910579212
219.31681296077582
219.01798337698608
218.7150498589842
218.4166310246538
218.11836061279183
217.81975361450438
217.52068296510782
217.22823020812655
216.93025902312692
216.63238150862387
216.33379463674686
216.03682233934333
215.7391993870692
215.44210067774458
215.1440439735982
214.84685757386944
214.5496590222496
214.25257507655294
213.95562691328425
213.65879793911907
213.36205411213933
213.06544776678925
212.76845008527658
212.47207591721426
212.15106687614696
211.85435539348643
211.5577964546951
211.26139006494824
210.99193296053568
210.6963392052153
210.40082680418737
210.10555118446058
209.81017912727614
209.5150251714369
209.21997549580905
208.92497420189366
208.6300915695872
208.33527537466364
208.04031728167192
207.74574107186913
207.45117649418052
207.15676494885446
206.86250644050514
206.56854418944891
206.2744302548897
205.98034053820922
205.6869210986547
205.393107070858
205.0993147740202
204.80574259169535
204.51224853564915
204.21893038906398
203.9257240945729
203.63218530770664
203.3210374852949
203.05444097187936
202.75924753672692
202.46621002408443
202.173577813922
201.88117466694212
201.58865685263928
201.29671247963057
201.00492285023157
200.7132879680616
200.42180070083904
200.13046650331668
199.83914250929433
199.54801691168825
199.25705606234973
198.96614351978047
198.67545379138272
198.38464295405294
198.09389742925535
197.8033080697091
197.51287487816404
197.22252366148908
196.93234302660517
196.64231872723738
196.35186220006094
196.06199189682042
195.77226880834888
195.48292617850004
195.19344437337378
194.90411961749467
194.61495191299298
194.32572757924672
194.03706829998106
193.74797979737832
193.45939858435503
193.1707772005595
192.88189865855867
192.5928237588157
192.30514934272907
192.0169274214379
191.7286709127249
191.44071171085892
191.15283510180782
190.86536836911222
190.5778109761664
190.29040884707763
190.00373027018662
189.71661683021068
189.4296960212885
189.14295641668846
188.85639391616257
188.57003405633088
188.28398271977088
187.99635014675928
187.7274013375011
187.44051634477515
187.1537931780722
186.85235046416074
186.5663719009421
186.28065681075083
185.99510433110632
185.7097402739972
185.4245901251227
185.13967636377382
184.85501505158948
184.5670684310619
184.27056436930806
183.99722265652358
183.71207327539898
183.42747619440502
183.1430132889512
182.85868816512783
182.57440532433418
182.29004206235092
182.00584756084686
181.72168919363912
181.43773509137046
181.15394419893346
180.8703165143316
180.58685203556797
180.30354256374332
180.0203583844191
179.73734269238432
179.45441546634038
179.17165177295942
178.88905161002933
178.60661497533786
178.32426688240622
178.04203755741185
177.75988479944388
177.4778814369142
177.1961336778571
176.91431040930894
176.63263424357766
176.35102748999157
176.0695193755015
175.7880796407136
175.5068720358118
175.22580992067498
174.94473910758404
174.6638233760431
174.38340772815047
174.10274703507244
173.8304456035968
173.5497862565101
173.26928629505736
172.9888611157193
172.70860317098604
172.4285124562493
172.14806406261934
171.86823941413942
171.58853703382562
171.30218441626909
171.0227860203594
170.7435184065591
170.46441002051927
170.18543661353127
169.90651273326947
169.62775323874027
169.34850479491936
169.0699830998254
168.79157508870907
168.51328868814682
168.23517126526738
167.95692793768816
167.67933609054754
167.4009274993682
167.1232586442681
166.8457745893584
166.56831315749102
166.29101742075403
166.01436139012876
165.7372990309213
165.46037391766419
165.18361792971433
164.9069426761548
164.63042971277417
164.3528324612905
164.079403236266
163.8029156027251
163.52725703162972
163.25092618883426
162.97476804952763
162.6987826051418
162.42296984710893
162.14863961840652
161.8734410114548
161.5977499666006
161.32244887033326
161.04732116789958
160.77236684960255
160.49757103663688
160.22285283355433
159.9482844738559
159.67385470854632
159.39959878778137
159.1255167016041
158.851608440057
158.57784988276052
158.3042643014149
158.0309093741128
157.75753362787611
157.4842833077778
157.21119757082107
156.93791203399482
156.6650935055664
156.3924332430981
156.1199476915405
155.84762759541388
155.5754501387874
155.30336027684655
155.03138528041475
154.75956684058042
154.48792369570043
154.21621529233443
153.94465546365112
153.6731916142766
153.40184405183552
153.1306655611527
152.85961731132105
152.58871047824064
152.31786219447767
152.04713992467111
151.7764996531971
151.50595957444247
151.23558526768156
150.96538718153082
150.6953199651221
150.42535386555684
150.15555688394312
149.88589420705978
149.61568850522127
149.34613906792924
149.07676894123554
148.80757811099485
148.53856656306127
148.27243531545705
148.00440928749754
147.73656060988014
147.46888926904685
147.19596250251433
146.9266845044337
146.6586738712469
146.39081850479852
146.12272097813636
145.85495250848135
145.58692761611124
145.3193944684534
145.05363429209993
144.78641209735616
144.5193444439174
144.25286122604368
143.98609099906182
143.71941213365685
143.45281585990762
143.186376189844
142.92005104367598
142.65383939969095
142.38781068950195
142.1218651543759
141.85595744828646
141.59023601166987
141.32459135299825
141.05913079414893
140.79368656904907
140.52848521124315
140.26342077480447
139.99853977018716
139.73367961325425
139.46893686821096
139.203843312391
138.9394322437597
138.67627877007754
138.4116093833482
138.14713574278227
137.88315871982275
137.6195241019248
137.35572627068132
137.09211556468696
136.8286919631688
136.5658679395349
136.30272420435938
136.03976783545465
135.77699881183642
135.51441294679339
135.25192815305107
134.98997073060528
134.72771083794376
134.4655725019471
134.20354303183203
133.94157374744725
133.6797714435172
133.41808243321992
133.15653428902107
132.8951156354447
132.6337366311202
132.372529236488
132.11145646715573
131.85057415851324
131.5898822868046
131.328775969469
131.06822193198897
130.80781548239017
130.5470998105148
130.2868330839464
130.02519047061253
129.7652953795942
129.50551712199268
129.24593137659537
129.0262212325018
128.76592784199008
128.50583031156842
128.24592861452825
127.95227707203756
127.6935034334324
127.43499866554379
127.1762416149288
126.91778563524907
126.6594891544407
126.40125868479186
126.1431383552429
125.88518433725181
125.62736451849206
125.36973227783693
125.1122684389066
124.85517889676514
124.59789333742187
124.34079952447678
124.08389745209902
123.82723847750847
123.5703087539462
123.31321166055473
123.05672469845811
122.80019914505314
122.54406755420706
122.28811641862347
122.03269611985843
121.77686583290257
121.5211146820634
121.26559694926966
121.01027841264705
120.75016593962168
120.49486667037704
120.23960004453085
119.98432285279716
119.72924747925188
119.47437389072125
119.21970205403146
118.97395752972812
118.71995681787257
118.46600019200888
118.21220968534072
117.95852461151439
117.70469403539816
117.45134057784222
117.1979795166108
116.94504252923902
116.69209226827743
116.43916708750166
116.18658184181109
115.93398717391969
115.6816483861176
115.42995381215452
115.17778315010796
114.92574934359821
114.67396957538212
114.42150488827309
114.16997009406211
113.91862135029298
113.66737522576716
113.41628025772498
113.1664897015755
112.91459484933019
112.66396494579772
112.41331317132402
112.1630082835449
111.9127063155528
111.6626113162164
111.41272324652331
111.16296049510487
110.91328726058313
110.6633647126532
110.41394914691156
110.16474182140627
109.91569919519132
109.66675531297822
109.41802014327492
109.17021059939464
108.9215937769737
108.67315076006608
108.42475229327945
108.17662252935705
107.92854007312042
107.6807005339368
107.4330717939201
107.18547650823312
106.93808973701478
106.69089578639698
106.44477542211597
106.19808049557882
105.95113329393126
105.70437234625427
105.45775416191904
105.21130920265394
104.9649999809227
104.71890446846551
104.4728386310151
104.2269528281347
103.98074961125826
103.7351583001303
103.48977033771054
103.24454222128465
102.99950548736919
102.7551217959725
102.50970304502181
102.26484727472088
102.02034812946981
101.77561078560984
101.53129673347821
101.28720011173964
101.0432438133916
100.79902718386595
100.55524969027763
100.31174431740513
100.06836038166344
99.82493018351525
99.58179442169211
99.33881882593649
99.09636936843376
98.85359151307863
98.6108631306736
98.3682657786198
98.12588828981002
97.88373259962339
97.64170256337579
97.3998902429173
97.1581499580548
96.9165589789333
96.67504071934167
96.4336841327884
96.19241391991413
95.95135340607159
95.71019460533483
95.46961967849325
95.22919569664876
94.98889193508447
94.74832717922196
94.50805369465985
94.26788010539545
94.02717582195156
93.78448126082053
93.54489879390816
93.30514922593756
93.06561142661359
92.82626095246187
92.58708641759407
92.34834848887338
92.10950960681528
91.8744433997532
91.63589941477552
91.39753088744324
91.15939330331088
90.9214865982766
90.68369486446038
90.44571856271332
90.20803269463772
89.9707191329015
89.73336044157236
89.4960212810362
89.25897198508736
89.0221491600672
88.78549719190852
88.5489645742065
88.31260543923553
88.07648120048187
87.8405917897272
87.60481251081303
87.36927558445566
87.1337634831623
86.89880582262005
86.66357084512931
86.42848267853881
86.19270584461951
85.95786547137521
85.69878603417213
85.46335799649832
85.22817350491532
85.02076756784506
84.7868902639316
84.5531815378878
84.31947017008363
84.0856961808593
83.8523156383013
83.61917611217962
83.38721332006207
83.15457008787496
82.92177293640252
82.6892257556344
82.45673100900329
82.22447486204152
81.9924570768338
81.76063696610542
81.52912034653649
81.29762210954706
81.06629681732569
80.83519688332778
80.60405134827714
80.37320547093746
80.14228741773134
79.91161832558996
79.68106062516463
79.45075055033792
79.22068801885331
78.99103628582677
78.76130496263714
78.53159407031143
78.30201263225959
78.07281381312058
77.8433112370424
77.61432990351375
77.38551752482056
77.15682459376522
76.9281584641401
76.69981804589241
76.4715777323262
76.24365044524373
76.01566377978483
75.78790782387175
75.56029841941357
75.3329866268956
75.10564542891323
74.87852901279044
74.65158752711262
74.42478958423087
74.19824873564114
73.97165392878233
73.74498059561614
73.51851670307573
73.29231265995097
73.06636836996599
72.84072381678708
72.61515925759595
72.38985491284834
72.16481068567515
71.93986388349875
71.71528420696549
71.4907517572175
71.26606906422586
71.04165428834094
70.81733039554689
70.60191912003816
70.37740210334773
70.15313554291426
69.92913669157262
69.70540544555082
69.4816913678755
69.25164205545555
69.02861890011965
68.8056875056262
68.58235083331994
68.35943462568432
68.13740479359002
67.91466948288706
67.69257750796707
67.47073357813723
67.24959690166666
67.02795076580401
66.80646674288633
66.58701753828704
66.36511410274832
66.14344406578611
65.92205322006913
65.7024022173319
65.48159111486947
65.26115815032773
65.04094177353271
64.8207829824924
64.60084792015836
64.3811812618014
64.16175269910656
63.9424539237898
63.723269451360416
63.50386192425721
63.28504588842187
63.06644146121058
62.84813545438363
62.62983076543122
62.41212223095845
62.19426734711734
61.97659484495713
61.75913297736869
61.54179877981235
61.324495621338485
61.10749296700287
60.890723829841995
60.67405058608026
60.4576162271746
60.24147107483162
60.02550622213969
59.80987539886003
59.593078068261676
59.377151616037494
59.16173715769993
58.946615672488406
58.73345414657889
58.51922757711986
58.304864024524875
58.090587467265344
57.87633913189351
57.6623239235363
57.44855464337411
57.23487102442998
57.02143459351154
56.80816916519868
56.595190757949936
56.38180379593177
56.16925535143408
55.95632627288513
55.74423150077089
55.53222354744321
55.320787987345106
55.10919501733183
54.89789836664959
54.68721695781012
54.4761059650117
54.26519215671809
54.05432193687776
53.84365276074377
53.6332264798266
53.42292098239426
53.212962479055534
53.00250731595417
52.79116129511189
52.58169953839764
52.37300135950588
52.1658406910776
51.956894614375926
51.74826181602939
51.53982260751325
51.33167913963761
51.12343523373752
50.91550789062592
50.707757260239596
50.50030399119068
50.293001302456695
50.08514869997997
49.87782648830477
49.671366376991166
49.46450567237705
49.25803741665883
49.04670926928799
48.83977386593284
48.63276906154044
48.42609773067366
48.21975968565314
48.02370790500184
47.81860505935102
47.61339780803964
47.408355240946086
47.20342286080722
46.99885664698365
46.7942847457165
46.59007225363641
46.38615006745685
46.18236163621648
45.978642033905516
45.775292483502646
45.57231553073838
45.36946509609432
45.16680977868768
44.964201550434026
44.76197124489954
44.55984816009307
44.357872787508306
44.15597359769336
43.95440247836644
43.75281990882355
43.551416789446925
43.350271894192396
43.150419875850076
42.94984927399531
42.74930668686417
42.548960148001264
42.348652795462506
42.14866219684395
41.94893470703756
41.74933477252949
41.549810567200446
41.35038310737939
41.15132914457789
40.952682341296644
40.754398690934046
40.556442205604746
40.35857193868576
40.16129874115094
39.96379638724005
39.766661564655024
39.56988596174407
39.3731657615659
39.176702209479586
38.98060893533131
38.78480188882363
38.5891969760604
38.39323570378669
38.194841830897
37.999555277540864
37.80464662834214
37.610390913987764
37.41968462732369
37.225622115896705
37.03185727398442
36.83836904294445
36.645078605433646
36.451891748034754
36.25895807391447
36.06608171374221
35.8736225958545
35.681550663227966
35.48980154467298
35.298204709905846
35.10630483127059
34.91500646797674
34.72404817236577
34.533445191954954
34.34308859326357
34.15271760852984
33.96268568350564
33.77368031719329
33.584079096546596
33.39478540920249
33.205795784684256
33.017056962879074
32.82851029612718
32.640217115750204
32.452008573243745
32.26420946897788
32.07670668295775
31.889337603006105
31.701924922262787
31.515148298246398
31.328483012146126
31.141940267123463
30.95591066105588
30.769932992798385
30.584118630832368
30.39856002643505
30.213253788233896
30.028003341663766
29.843062708961625
29.658553315356897
29.474305962342193
29.290382083409007
29.10655978763722
28.922961483437724
28.7483936330313
28.564213403452225
28.380485417254015
28.197209322836482
28.007769020628185
27.82479859072623
27.64283589663885
27.461262841236305
27.27981065567326
27.100727805387677
26.918127177804646
26.736004097625376
26.55629783233523
26.37584906261367
26.19554994689076
26.01572274339362
25.836240927864015
25.65679754956443
25.477622222265207
25.29853085551519
25.119815491508067
24.94130976545794
24.763070013368925
24.58521495748811
24.407846698062748
24.229750581080086
24.052855692094738
23.87645588780416
23.702261644186635
23.526419153270133
23.35103646987168
23.17575174052794
23.000952628214076
22.826104503374605
22.652200655011356
22.47865247986513
22.305469790415895
22.132703649025554
21.960401946408737
21.78800349422275
21.615865059621022
21.44399088486578
21.270947671590022
21.101843618225764
20.931318236744584
20.761144384420433
20.591152974954056
20.421626927162876
20.252003493750866
20.082783245999817
19.914079277421884
19.745912535960983
19.578131111679212
19.410817398435043
19.24293275081236
19.0754950846456
18.908240065055836
18.741625233838082
18.575568626064076
18.41001475480599
18.244720214366552
18.079918870692314
17.915387712024216
17.751250204019456
17.587234938537335
17.424203939641796
17.261047071658123
17.0979710323461
16.935151035625196
16.772332216704093
16.610254656787436
16.448772603988797
16.28739622773891
16.126212580268948
15.965463045913653
15.805106389447614
15.645158364283532
15.482350742531123
15.322341345568574
15.162969312360595
15.007710395428822
14.849336807839837
14.690956236101671
14.532970636099263
14.375619979246292
14.217651945803317
14.060641465460286
13.904185483192228
13.74783160993281
13.59287133004887
13.437200491933055
13.28169893577465
13.126798335053122
12.972599964396231
12.818851514961858
12.665569451249642
12.512887649857554
12.360664613115121
12.208974610661274
12.057574741262835
11.906899850984262
11.756949133663936
11.607463188088865
11.458426999469257
11.309100990288817
11.16098426750781
11.013610168125396
10.866812468050352
10.720934960073334
10.574814939786139
10.429425239158096
10.284645685943362
10.14034678952591
9.996517536800624
9.852992766771978
9.708863130323865
9.566337553948548
9.426279568806594
9.284956781734902
9.143597495087533
9.003451702640906
8.86397219507908
8.725149304472769
8.586247464976365
8.4480360960273
8.310553293630484
8.173454703319573
8.036559170097366
7.900430080764051
7.764903840687234
7.628874747981908
7.493763681126864
7.35956952909773
7.226291180880409
7.093840225543906
6.9617309276507875
6.8296673129107415
6.697756899766884
6.566891464055139
6.436219718240335
6.30644677149417
6.176692319637104
6.047600592536022
5.918891160685204
5.790777718344736
5.662491700980063
5.535512375880947
5.410353948757207
5.285116220787686
5.161009223264293
5.038031428024254
4.915536839292556
4.794122761239762
4.673860551366428
4.554259146808343
4.435065707866002
4.317552155137256
4.201400671254244
4.085603618435353
3.97075400881069
3.8568190773483937
3.743791920901989
3.631239632343653
3.5205691665005703
3.410264581238531
3.3010436812172794
3.192493192067772
3.084688584403192
2.9782742939623414
2.8728694446364766
2.7679357338808668
2.6638687464398023
2.56117547443167
2.459076282332815
2.3577821685860134
2.2578456075058035
2.158294265150611
2.0599634290091045
1.9623052251331838
1.865791029075972
1.7700566491079839
1.675116088076158
1.5812162948345576
1.4891178864465506
1.3990727660037634
1.3110775199683242
1.2251287349028253
1.1412229974705692
1.0593568944352343
0.9795270126612403
0.9017299391134269
0.825962260857265
0.7522205650588148
0.6805014389846016
0.6108014700018007
0.5431172455780864
0.47744535328175247
0.41378238078157503
0.35212491584699235
0.2924695463478885
0.23481286025479767
0.1791514456388071
0.12548189067149387
0.07380078362508702
